     WORLDSEED    | X COORDS | Z COORDS | AREA
-8242443525300883271 2373737 -2792525 9505200
2545419478516859467 -2578365 -3538007 8989712
-6013094002395334625 2212276 567665 8756160
-5552025102639075350 2805983 -2595295 8586704
-7230185581728399872 -2795655 995 8512176
-2899010184170642523 930415 357907 8452160
-143254109489361776 1314124 -1188917 8398080
-9041781344193717744 776256 -267398 8387664
210843018047724717 -3018981 -2720870 8387216
7419208360352773099 -872993 -3051645 8381744
-7139102530509312012 2002836 1473150 8360368
-6619902008515686376 1474084 -163773 8353232
5509172247113017530 -3187445 817650 8339552
-1636401017061998472 -1711779 -942563 8335968
5411005302510024223 -800324 -3278710 8301888
8699943795547257308 -1997099 10993 8284352
-9185160056286638847 640461 1584713 8284064
-2510611164116379385 703469 -1655332 8270512
-2658012417936472626 492223 -961158 8270448
-5760105818507164033 -3219517 -2354702 8257136
215667985965107555 -2056859 -434591 8247312
-3155258608743998516 -346825 -360165 8228608
7712352510679047700 -3032055 -3185992 8186464
3243949522726150175 -109035 -333456 8179248
643392032283716475 18341 -542762 8167776
-6175467133985809267 2143540 -3092924 8164304
-5122564752914044968 1999558 -31963 8160192
8658895700982771733 -2071333 -2335064 8122304
8549896477516828935 -877161 1375718 8114960
9095604669878396686 2092511 -614148 8100592
5205645310116100831 -1066084 -2081862 8098016
-143254167873684327 2869674 -555466 8096016
-2510611221936235241 -1000729 -1235917 8086880
2497739686089452347 -189700 -2406787 8084128
2497739744046921960 -2032465 2411857 8083952
-6810934248153657561 -2917575 -2428592 8077952
2621438894927390444 -1540300 -232938 8073872
-7357187868780063389 -3435238 -2462005 8064112
6753822072023838100 -2841553 1048189 8055696
-755042585596474922 -1553936 1769567 8052800
7222897759782844553 391318 1415168 8049104
-1086617343129615415 -279401 1240601 8047328
7712352644195313306 262868 -1968474 8047072
-5934715218221131156 -347743 -1561907 8046816
-5400414332243049294 295978 -3046480 8041312
8038541121117224751 -506329 -3380519 8024240
5924665501893260560 1337347 -1623804 8022848
692293760241049659 2723598 1187265 8018752
-9084391157519374574 1799409 -353824 8011472
5076895814514102983 -2460887 2059629 8009568
1673735662427103666 -2616820 -2564232 8008784
2490252433493143574 2534958 -1882703 7991984
1627074922943213933 2967527 -1609515 7989120
7340260951538252998 1310766 -3197045 7988480
-1667287591827121402 -2194356 853875 7977552
-755042788431227761 -2443501 -1343988 7967072
-2415288850708122540 -3261739 1494104 7965952
5526126499390506615 -305392 953133 7963472
7614229159948144717 2359532 1878392 7958480
-8508003669089420282 -174189 -929829 7956320
-2516074942280917179 -625248 -3303377 7951552
-985828710318593865 507471 -1540794 7950880
7117344226818977569 1421877 -41725 7946496
-5400414298341270120 1207384 -1337286 7941888
3207105641061889467 -236707 -1332758 7924784
-2658012278527060582 1369033 1009009 7924304
5526126459194181222 2152797 574727 7923552
5553415958859770493 2008841 -534309 7920720
4372473821240952260 1818293 1131394 7911712
599094520396953132 2508719 -3118510 7902912
-4222568915913398260 -707722 1498624 7901424
-9185160189162219849 2427699 58380 7900448
-5973441838781732360 1439551 898041 7898352
-5437445204752574199 -241235 1874071 7897072
-143254106272923368 2272692 -2396858 7894784
-5539732837040366988 2196699 -68398 7894592
-5400413890147050974 -2848194 -3070650 7889040
-650910784185819657 -3152779 332787 7888624
-612872795602867935 -1185841 -2902111 7886800
-8458980720480135422 2520926 -556747 7883984
-7094969058306717547 -2876337 1848459 7883296
9137840059678176029 1236827 -2844135 7883248
-8917805555576110298 354328 -2907617 7879120
-5624398988062187129 2196919 -2927673 7878608
2672422277769750496 -2710445 -68788 7872688
-6175467417854482503 -609887 994832 7872560
2490252676908933365 788762 -474330 7871504
-6518872697115847641 980370 -464502 7871456
4594646950300553736 1623839 1012525 7871072
-7536654648502373372 2552404 253114 7870928
2545419844412536255 -2098155 -1661077 7858800
3797994700571102333 -160499 1791754 7857968
9095605308254262910 -191285 -3207043 7857792
-650910422583688400 -3011520 1806003 7856160
-8826097841146070966 463186 -2761243 7855408
-9041781262595899313 340924 301413 7851344
2490249468410674581 -2896828 -1817752 7849712
3207105779832571396 -2874751 -1808462 7847408
-1086617523241798178 2236853 1718022 7844048
1498944346478539903 81385 155997 7844032
2490252209825236177 -1165238 2017383 7841504
-7406732110000395594 -745980 1076906 7840800
2479032752052302122 -1437416 1902888 7836736
-1993538459675424422 -969303 -1628030 7831040
-5437445464416001234 -1126992 -3123633 7829824
-1086617014778767019 2548717 -735531 7828944
9137840088580234255 -135207 -194278 7825536
2672422193952081612 -2260366 -567587 7824112
-3758234424002933171 682640 -2116658 7823328
2490251596218977291 -2956046 451260 7822000
1632704662977828168 -302378 1482649 7820640
8115592515255680789 2260951 -1182683 7818816
8391333301762378152 -1574981 -612955 7815248
7419208338985143926 1530367 562666 7813056
-5224683965221782481 -141150 -279570 7812032
5534934569706803037 2298764 -3577575 7811728
4780411221872498765 -2696696 201036 7809232
-3611769703671160197 -797750 770129 7808272
-2516074881497575248 -2428301 1263934 7807056
-8826097696581194257 1461379 66890 7801776
2490249679790069552 1056230 1257875 7800176
6880493526337773842 -2959927 -1045374 7794048
-7381553384232093016 -3124861 347073 7788480
-5973440786015779937 577962 994234 7785920
2545419519025875350 -2756275 -1697619 7783488
8410114461548552078 -823589 189234 7783456
3797994650966497194 2482683 1539520 7783344
-5224684029277564150 306532 1231297 7778400
-7406732211848316567 -586999 -2057546 7777936
-2356061401473508534 -372327 -2991327 7777888
865029641932458031 492414 109674 7777664
-6004775371946178252 -3078523 145912 7772256
7712352456007577453 1613816 -169057 7769024
-4338010002206796999 -2132611 -1462816 7768672
8416997828258976935 704283 939782 7768624
-7139101968723132490 -49694 -384126 7768496
3405764662514693811 615963 -1258248 7768160
-8242443455409488221 -909540 -1703399 7766080
-7381553307346404034 -1873390 1172969 7765296
2490252949577505721 -2161740 -367754 7764528
2672422368193383084 -1023816 -3437690 7762976
-8458980804787414396 -3097990 -3188390 7759712
865029475599222086 -1913475 -1538404 7758928
8658895520195694462 -2278283 -182582 7758160
8038541090006714195 517344 -2918705 7756688
-8633801104359275000 -1166661 -771469 7755232
1365210467796735393 -820273 -213858 7750560
6880493447863805058 -2455486 1601017 7750240
2490249728135326444 -3109565 214569 7749648
5553415956679401825 -3118768 -1503637 7745152
2545419627436846256 -2510414 137518 7744656
-3611769057937445548 -1494904 -3525200 7742000
-6619901938190473471 -2067269 -1005041 7741792
5509171690002311043 -1744201 2235602 7739200
-2722040549984381943 -1480591 153657 7730624
-6918883485152571305 2919857 -2007232 7730032
8038541185686770589 26057 -1211351 7727856
-2899010378293712778 -1202404 944888 7725984
-3620024984765434540 -686655 585205 7722320
6336281628819274117 1050165 1086278 7722224
7340261179357020846 -2009822 -319178 7719984
-2516075167355026857 222138 -1124857 7719584
3968601864475072562 621108 -396171 7719184
1365210310138204266 338699 2217523 7717792
-2569417689825734237 -2463220 684312 7717792
-1667287816060560251 1035224 -2771187 7717696
6070143569901021644 2074210 -1119498 7714784
8416998201149082082 1561480 -3008380 7712800
-755042490609045236 -2837989 -2145469 7711280
-2516074973131018089 1421933 -967063 7708032
-1086617121407462724 -3361783 -2494394 7708032
1743391296275825946 -3069984 1596325 7706080
5534934562998443699 715535 -765948 7704288
2490251900198070128 1966663 -3022913 7703328
-5624399436827017180 -2295454 -2598003 7702800
5054073266976613853 2362579 436052 7702304
-7536654580118868713 -2887774 -3114594 7699712
8519566412278528027 409351 367013 7697472
-8917805519720803631 -1540757 2047035 7694944
-4338009873978298885 -1952572 -1105449 7693728
643391993979042082 580351 -3294755 7691280
-8660870340037008392 -945023 1738495 7690240
-8508003610993560472 281770 -1130954 7687168
5408804799386987279 -479071 427479 7682704
692293903161979431 -788175 2288243 7681136
3207105801153229163 2741531 1816495 7680896
-7094968891847298681 686788 -2347033 7680688
4717707521619554927 -2312620 -320085 7680112
865030090159309040 -522189 1879850 7680096
-6211500007113016900 -3042923 -880518 7669696
2545419768538538890 768174 -2435272 7669680
5279286175102929222 -930808 -1673560 7668208
2479032909183434096 -3402977 -1843001 7666448
5408804744965035861 -2346083 -2438595 7665056
7222897211160382663 -2943576 730715 7664624
2672421547660111187 -2795046 -684629 7662672
210842951107132619 -2638164 -617565 7660704
-7381553405021736128 218689 68031 7659568
1723695232447231166 2279813 -436997 7659136
-788037688271784751 757650 -1693356 7658496
599094359457554466 -1735281 -1339212 7658464
-6619901961180992498 -1412357 1581706 7657328
2490251796018067693 -152738 -1276592 7656896
-3175357694260698359 -1529285 -3136996 7654448
6163916155530017495 2007456 -1984369 7653808
4372473881167739609 553208 -1361661 7653520
2672421671660595032 -168968 2258312 7653488
-2722040616336737124 -2852237 -2717381 7653056
-4222568791462906667 -316666 506659 7652752
-5029712800474705403 545763 1159665 7651808
-831056524917916713 1310398 -2506582 7650784
-1636401248960786853 -2892991 545449 7649296
-831056855353297280 -1825984 -1013217 7649296
-755042212472933171 -3031426 1674129 7649056
-5973441910809229345 -347035 1644554 7648112
3405764744904839730 2598143 -1088315 7647072
5526126611508551506 -1512562 -3265426 7646704
3984669886006784477 434387 -2305782 7645440
-6175466692748247533 1679644 -2100063 7645024
2490251514325093155 -3565971 -1579533 7639376
5104882217321056005 1487589 -2913787 7638896
8895012933890316277 -2407360 74815 7637968
692293467402198370 -2360271 -2626634 7636304
1632704439788442147 950724 16846 7635056
-5760105897118948463 975743 -941016 7631120
7712352679478963225 -758348 -1012290 7627664
7614229049425748672 -2348356 1005048 7627072
-8633800933855113616 -1865384 771213 7626960
1632704614267505855 944649 754745 7626832
-316633033338310818 898080 -2342984 7626656
1838993118113105244 -941825 -238214 7620592
-3155259178482085722 2175312 -543009 7619584
-8242443581655034268 -3315083 2310600 7618816
2497739932960412544 -2203316 757781 7618784
-4338009981787801780 -1115534 696509 7617616
2490251579810665293 -2745845 -135522 7617360
3570974871923296383 1373907 -1335521 7615088
-8242443841723000433 -2412892 -1373764 7610720
-5539732936360084754 -341182 638644 7610288
6753822528800858423 -1356548 1880635 7609312
3797994422842489829 1900732 -3383138 7608912
1838992853119201542 -2448983 -732497 7607152
2490251424749303261 -2421479 -220036 7606704
3171773595764214963 -397101 -442424 7600176
2490249659861818559 -1639806 -1755191 7599840
6880493463662019399 2532730 -1017837 7598320
-4222568935425534764 -2466140 -531752 7598256
6897496856239721302 -40081 2244475 7595744
-4338010002502046127 -3299937 -764211 7595104
3797994869352187769 103466 -620533 7594304
-7357188104893952044 -2591282 -958432 7593920
8038540761493922676 -2975938 1281942 7592320
-3611769341652618540 1545124 -1941530 7590048
-4587474081086771346 -2804945 1091264 7586800
5408804816101858742 -1617059 1725440 7586160
-8917805979424468570 1040167 714914 7585984
4425236940154434350 -381535 252874 7585424
-3435847989085990400 -2776219 -1270372 7585408
-2356061308120035084 330669 -464680 7585280
-7381553360101716333 -278407 1730314 7584672
2479032677659246789 1018725 -1677115 7583840
8416998041262910808 -911024 -1498320 7583760
7464779789293303367 1818189 501658 7582640
288124805238582950 -936817 363337 7581392
2672421718438503434 1440574 386332 7581248
-6619901546603087922 -1394537 -3397691 7581040
-2803019432634237187 2119449 -2140904 7580224
-8917805552094000986 -380564 -1645981 7579328
4594647355028680786 1048570 -794055 7578512
-5973441393787616985 1161418 -1951223 7577872
-2899010346501513848 -110912 2569960 7577600
3207105655574919206 502154 1952065 7577360
1673735885876998311 -3302029 1623659 7576448
-4587473878838070235 2734697 -2601878 7576384
4717707230384708146 732498 1645230 7574896
-7139102827799739965 -242221 -1358092 7574144
8391333417585181373 -2344793 2434932 7572368
5076896455372257125 -2839584 -2587259 7571696
4594646926668824223 -3082845 1269636 7571616
-2356061367586037299 2588444 -631599 7571120
5087323535408221725 -1554246 409124 7570752
7222897117581834482 447345 1902801 7570752
-8660870519799879778 -2023971 -511878 7570592
-4236564515186118367 2018811 -2461530 7569408
3801160046277224808 2832618 -2443491 7568832
-5973440791349626826 -3306519 2177992 7564928
5279285950560894298 2273230 -2404434 7564256
5076895867380311257 787741 -469130 7562368
-5973441791683211385 1677364 558458 7561248
2672421955127320840 2051374 -11426 7560672
2672421802067869415 -1065329 -2181970 7560400
-8660870407812702558 -2322699 25945 7558560
-5029713062120939309 812705 1127897 7557952
3243949464415638039 314702 -828421 7557808
3171773621772110369 -820737 -1666608 7557552
8895013044101881304 -2081748 2232820 7555968
8391333354815677934 -242098 -2785535 7555872
-2803019506411937084 -2613028 672326 7555872
4551090287230350537 2869839 -561749 7555152
-8873426288313945911 664141 -1493481 7554992
-2420651063621670211 -920391 -2647630 7554912
215667862536560181 -2546122 -2556048 7554288
-6901860563339661960 1573733 -1050762 7553376
2672422084006238195 -1398868 -1248142 7552848
1632704601974534537 -2434367 2114423 7552768
2490249689010382407 2386989 -1013596 7552208
5076896490192484776 2751523 -2217445 7551632
8895012984348874636 -832342 334705 7547696
-5437445384869034867 -26368 -3127451 7547056
4425237529863482399 -1831919 2051541 7545280
-5624398986149792265 -3476968 -1975689 7544944
-5934715263996040898 -2752493 -3201143 7544912
2621438890920442726 2414379 -1602477 7544496
3801160056728389261 -3007677 51523 7544048
3405764695242680844 -732588 -2492849 7543440
5408804886304870574 726803 566916 7541696
7791153312153371152 -1065875 1825577 7541600
-2569417774244507915 381497 -180433 7541488
5205645228649780294 -311059 -964394 7539968
2490249784960176306 -3562981 -1392403 7539344
-618600806956384942 -1610583 -2052471 7538352
2490251737407236352 -3389441 -2612273 7538288
9095604588786558811 -1220810 -707693 7537328
-6913351913123125223 -2512611 1998892 7536944
-2658011839607908753 -1778638 54462 7536736
-4338009826214185137 -2630231 1172548 7530544
7117343933142743241 -170929 -3145374 7530080
-5437444987704100374 443475 -2376526 7529744
-4338009849013620784 184547 -634643 7528944
6753822076418083564 -1863357 -1882144 7528384
-8387809704896359083 1880303 603091 7527792
-1672442666889618380 -3345290 -1521362 7527360
8115592777943695536 -1791488 -2318617 7525840
-2803019294022087637 -105740 -202922 7525552
1673735477277618076 -3313038 2492220 7525488
-8660870453809593342 1176115 -790723 7525360
-2516075147326251475 -1258097 -680572 7523120
9137839928228517004 -1284618 1343302 7522096
-8660869852429733488 1520879 1856168 7519744
-5122564813108221375 2501265 -660194 7519328
-4236564523677726044 1951487 1272308 7519040
3797994531243432093 -1626179 -2434229 7517936
-6013094061658534248 -872298 -1788305 7517840
-5973440748228425326 1392214 -1777973 7517584
-788037759478464683 -3099253 2015851 7517120
2490251336385355656 -2923679 1829873 7515296
-3155259261009665199 -1125425 -1586841 7514464
1743391010006581978 2904094 -2512952 7513584
-5437444991642994793 -1430597 1791365 7512816
-3172349425153061744 2574797 -3196302 7512368
-6175467399538874469 -2451016 -2148114 7511584
370658059909488868 855678 -363449 7510848
-1086617248108017057 -2068406 1179221 7508112
-8633801263994597566 -2710256 110989 7506240
4594647185232693926 -1431149 -674866 7506128
7340261217060446743 2091159 -1138425 7505520
5473095865729996796 -2524222 330116 7504688
7791153283059691790 -2285904 1777208 7504304
-8660870024379695344 -1664530 -2797413 7502464
5526126575618527200 165837 -1052573 7501904
2545419561219788782 -3580358 -984844 7501568
-2722040510011236349 672696 623312 7500848
2545419789336175820 877814 -2795520 7499904
-4927323383763826586 -2215239 -770096 7498608
-5624399305375246208 2729838 -3013919 7497984
-4737701331295001825 -90504 -2811229 7497328
2490249433646466831 -938154 -2199385 7496704
8481510702635550440 -2384165 -2674516 7496464
-7381553361787047153 -2958748 -20061 7496176
5279285981000951019 -1433483 761201 7495312
-2722040324719325742 301264 1708678 7495056
6163916145461787018 182352 -2847050 7493792
4780410798893409685 1282348 -1498258 7493264
-1685889129057683547 -839425 820536 7493184
8416998096533586730 1596574 -680026 7492960
2490250606400961578 2886880 -1734883 7492368
-6810934566371051153 341949 -2693361 7490432
2490249308032224687 -293404 -544466 7489280
3405764821561837017 -786992 -790270 7488848
2672422179647322637 -1302443 -1026300 7488320
-7097784915638153315 -217121 848408 7487744
-7536654901681217131 -2277464 -1276785 7487104
-4236564653865368196 -2384166 -1482408 7485920
692293912395011323 -2266772 934839 7485856
-7837274554464621514 -110731 2207248 7485456
215667868964256922 31272 -772741 7485264
-7673451816812232407 1701175 -2361726 7485104
-6810934280219754819 -513794 -3097019 7483984
-2025135320639414254 118346 -1254837 7483552
5205595457190388745 -308986 2249752 7483008
6753822294173791474 -1910328 -2966763 7482912
-8917805847182790017 -2738670 1775791 7482480
-9041781425882501023 2719361 -1080490 7479936
-6918883439893356079 -38617 -3215932 7479840
-4927323398731967692 -901246 1540121 7479568
5953618922467958877 741093 -15401 7478448
930397469335152770 -2245212 -2687353 7478352
6753822154393715434 -1825921 761095 7477872
8115592846284089838 -2975448 652643 7474976
-7128763302292653783 890307 289769 7473776
-3611769560480370907 -1253298 -2104064 7473712
2672422340323918370 -3569114 1407116 7471920
3683370665679007155 215781 1093673 7471040
-5437444962134503180 950841 129979 7470656
-1086617082145007535 1857616 -788282 7469568
5087323515151063123 2362428 1249677 7469136
8115592907431511236 1456809 1637818 7468784
643392066365528081 -94706 1256319 7467728
5205645288945068395 1056490 121751 7466448
5473096016810131867 2775849 1099945 7466144
-788037779800532125 -3066054 1594834 7466064
4832611549034933653 1511880 1162585 7466048
8304221526808477940 2803268 321200 7466016
3930212516701248125 742314 2236601 7465792
3570974607019643991 -1438002 41236 7464720
692294029844626153 2929150 -739233 7464240
-5973441855451860602 -266168 -2809275 7463456
7614229072022861750 -2189930 -412803 7462304
-618600873816152185 -884854 -987293 7461312
7117344060207182051 -997511 -2782090 7460896
3801159956204355482 -3218899 -2073566 7460720
8391333234673442948 103822 -1364123 7460528
-5760105924083231226 -413457 2087000 7458768
5534934587751264771 -1527505 1919319 7458704
2672422456207774466 -432293 -2560977 7458656
7791153319581162484 -626711 -2588789 7458624
-4864342887110618637 2915914 -2434731 7458400
9095605090604946105 1267493 1883393 7458048
-316632884641295541 172438 1220676 7457664
-4864342829861636539 -2020061 -377059 7457648
-5539732684383286451 1129698 629413 7457104
-6764673235322296367 -1230280 1844119 7457040
-3758234514267086190 -1559684 -2453476 7455312
2672422502847658003 1464705 -2548277 7455168
8481510482915383416 355499 1705076 7455024
1632704874251609715 2932899 -2961610 7454272
4832612152413172781 2836671 -2059166 7453712
2621438551230587184 1401536 -1504325 7453440
-1672442288122214944 1499637 -77472 7453184
-755042358500244484 -1000748 1763944 7451456
-6619902086582632215 -1904589 1304227 7450960
2672421953443540689 -2507365 -2716622 7449120
-5539733137354435855 -2529298 -779262 7448928
-7673451911028761790 -355074 -1971059 7448896
9137840687603202294 -2152788 24403 7446288
5104882338321262334 -538524 -1964794 7444304
-4737701279274179167 2617597 281065 7443952
3570974786265057376 556243 -2614745 7443728
-6175467098013725835 -1263604 1626770 7443552
6070143787493060073 -1800487 1701002 7443136
-4338009474606546935 1057921 -1470261 7441408
-2658011883595114328 -2529068 -3029598 7440704
4780410827743757766 -2170673 -1185409 7439536
-3620024891156200168 842785 -3275975 7439248
-831056776135560239 2508624 192186 7437712
9064573356151227096 -2611807 -1374091 7437136
-3155259343460302186 2325174 926853 7435856
1673735880068445487 -2442037 1897086 7435408
5205645112272148239 -1623651 1123993 7435088
-2899010248126926914 -1996923 -1845393 7434800
-3620025147470488745 -806370 -266625 7433264
1632704360256032040 -2480226 -1249269 7431104
5054073408706761593 -18084 -3079557 7430832
-8458980752826871637 875929 -776664 7430704
2487332269773402162 -313048 575333 7430512
-4236564663394460043 665151 -1730644 7429440
-143254142125369321 1566456 19656 7429328
8115592970220768624 525987 1345455 7429248
-8660870543415635326 -3032520 -224452 7429088
-3758234395887121403 -636482 334065 7428368
210843028346856742 -1105295 -1161154 7427808
-2569417796382521673 2133931 -3271444 7427568
-8633800920765340189 -1412159 1722506 7426016
2497739982634451778 -2376244 729583 7425552
5526126666744868231 -630925 -2214206 7425488
2672421790236732786 3042232 324420 7422496
-316633094002709540 -1241081 -1935939 7422368
3984670024424387939 -601672 2024608 7422016
2490250487356010364 1610434 -1307246 7420672
-6211499986802130824 -809429 298721 7419664
-4994077159267466811 -1671950 -1895906 7419440
-1636401401104181447 -1896448 1271301 7419216
-7128763377290317562 -614760 -2128620 7418304
-7230185558820545820 -1089165 -1829746 7417840
2672421714455316658 1153694 -1794595 7417712
-9041781344522843382 1370012 -175694 7416592
-5934715244882706329 -2669898 134302 7416304
-1993538296224306655 -1558441 -2609286 7416272
-8633800833746951731 1587372 -1841727 7416160
9095605320876302475 413036 1899688 7415808
-2899010324636962879 565805 526613 7415744
-4338009310225210492 2185828 818842 7414960
7791153075876355280 -3169693 -2053063 7414688
8519566220641169568 1261452 -1088085 7414464
692293863286606549 1874492 1337810 7413872
1400501613352934815 -1412601 -2021784 7412624
-5973441051214261974 1055741 -2099927 7412512
-6013094023109197586 2794084 1013806 7412320
8549896360138831588 2044534 226547 7412144
-9041781572799641890 -419309 -172146 7411552
1627074531159234872 -407121 1741241 7411360
8481510357003632634 -143809 1651831 7410560
4551090307576072097 -1743172 648643 7410336
3801160339369539088 1389868 1044470 7410272
5279286318870687447 1001000 646885 7410128
-6175467658250735140 -2110371 1834493 7406208
-1086617545303271971 -129502 1211375 7404352
7235378549316508924 -422922 1394664 7404272
-6901860402775286709 -2937124 -3446332 7404096
-6764673088195452114 -2964775 -895476 7404032
-5286729770528406535 -205117 885682 7403792
-6901860882144733135 1099255 -3230802 7403488
-6998358360492091960 1072397 -2893031 7403168
4832612177805231944 1769317 -1268851 7403136
5279285888337205603 607894 1634514 7402928
-7406732221888106213 -666194 2274433 7402832
8699943752365992325 1055492 -3323119 7402128
5408804868955279537 -1916935 -2560169 7401872
-7139102937158148101 2021725 -2740800 7400416
1498944334846979232 1014919 -2982952 7399936
9095605101418324617 2828916 1642768 7399888
3207105673359910860 638637 1315803 7399840
6070143681328435209 -850619 -1658403 7399056
-8508003572165725318 -1652858 -3514354 7398864
-3611769000493646347 -1594401 -2005288 7398064
8391333529618918731 -315106 -2469108 7398000
6753822550707153836 36344 -2682156 7397200
-5400413839458437793 99575 -1416403 7396960
3897886790166730267 1024442 401102 7396704
3570974541794369770 2447684 -2607007 7396624
-1086617014922240071 -2720896 -2195470 7396496
-650910808788182460 1863918 -2366916 7396320
-9111780605354053736 -1324280 1206449 7395360
-8668340830255320169 716292 1864662 7395120
-9041781502735182014 -1817777 699966 7394752
-4236563739952968774 -1543108 -1761389 7394592
-612872682057979972 -667071 853534 7394000
4780410717358869256 -604668 -991888 7393856
4832611876262235105 -1259252 -1073639 7393760
-4236563849991293589 1700970 -2034031 7393520
5279285619873853791 -3000769 441730 7392176
-9041781448712581753 1608949 706362 7391232
3570974708505380354 -3161305 1679975 7389632
5205595701431106659 137912 -2807562 7389120
9137839833969348229 -349599 681251 7388384
-9041781529121151587 -1267821 2531870 7388032
-5400413821793904665 -2429625 1848298 7387680
930397438989761435 -2065853 2169238 7387568
6070143617482929179 2720443 1611217 7386512
-6918883669280966714 1877385 1657648 7385856
-5437445153510594084 -545842 423538 7385696
7393324916673026873 893249 -242651 7384800
215667769388242491 1430872 457231 7384736
-8660869893793920454 2672327 -859373 7384640
1400501780976548195 3341 -1697689 7383936
7235378660709182903 -664825 -434063 7383648
6753822411524088408 -1404749 2081319 7382080
2490249330771134188 1696784 -40963 7381776
-9041782053660351551 212262 2202091 7381120
4832612051185151065 -863715 -2219190 7380608
6753822112352477573 2549290 -2845779 7380368
-1672442600574131803 927797 -1077582 7379712
370657884984124459 -1347861 -3270286 7379136
1037704712264759595 2480967 -567912 7377888
3797995052330487299 -969903 -3122017 7377504
-7357187764014756410 -3044196 880014 7377344
-831057277932995830 -853570 -942985 7377344
5526126625194193185 1798751 -951984 7376784
2672421481817137354 -1226388 -3069438 7375952
8304221237695074609 -665421 -2612032 7375904
1743391424123063736 2712951 -992874 7375280
5953618708969155703 -2166866 -520208 7375184
2479032598261734677 -1580755 1196773 7375120
7791153325445245123 -1090378 881302 7373696
7222897099363899574 93957 1641952 7372880
9064573251641839918 -252147 1803395 7372832
-3611768905919561917 1327969 -1676029 7372096
2490252742936858030 -39145 -3021375 7372080
5087323133837273616 994047 1248612 7371424
-7139102927587445050 -3428457 -1621427 7371200
-5624399130677924590 515577 -305790 7370464
-8508003690441755271 1549913 -89798 7369520
643391905394556815 -1850761 2034752 7369200
599094315890423484 -1384593 -2342104 7368032
2672422023818114236 -2565977 -489593 7367664
5553415674356805632 -237878 -2916707 7366272
-4587473977645182468 88433 -163814 7366112
5953619080525266543 -1519248 -1018077 7366016
1627074599891166203 2799106 -2237077 7365424
4372474019076669895 1851721 1403211 7364752
2490252219841691979 1190636 -587773 7364112
8658895858061695039 -1591584 1843374 7364032
-5400413837286922158 2083685 809587 7363440
-788037763001498525 2619759 1313736 7362848
1498944266300742778 69525 -492871 7361504
-8917806093187984466 -2894727 -450182 7361408
210843231068309672 -1460438 -1943603 7360528
-5539732831750957410 -3231 -2550292 7360000
8481510741977636862 -766180 577858 7359904
-8917805373577611071 -736708 2078924 7359904
-7139102145983504770 -992423 -2612995 7359872
-6918883477053912567 1446932 1747190 7359360
-9111780698711883331 -2250739 -3461865 7358992
-7837274454728064375 2570175 1227101 7357648
-1672442274383343333 -977159 -3060488 7357280
7791153100337037720 -2272726 873520 7357008
2672421915262288564 -453514 2256452 7356464
-7536654426940811104 -1150031 -2290994 7356448
8115593284501048778 -1681720 -1691727 7356160
1627074959442507394 828044 -422565 7354416
-5400414328303766652 -2072521 2582971 7354016
-6175467166260891914 2552317 999672 7353936
-3611769064150868412 -568633 1835209 7353824
3797994298235455052 -693530 535948 7353792
8481510298143742286 1730464 -3160083 7353776
-8660870103286561216 -725233 -359797 7352432
643391781320222498 259454 -2710353 7352176
7791152965305091146 -1591311 223888 7352048
3243949620860416026 1200889 -3305006 7351888
-7097784930525711256 123772 972506 7351680
-3155258915559306956 -2480102 1830514 7351360
8481510770929845451 -3250091 -1221253 7350480
6753822418741459547 -1180882 -2083195 7350368
9137839875298808581 1143915 -2714715 7350080
930397595605604810 1003160 -358077 7348880
5205645220222933196 1576212 1890463 7348752
2490252070311160857 2306640 -570502 7348656
2545419859007858305 1703618 -1040908 7347792
7419208524665164997 818383 -1870022 7347760
-4927323280179871388 -3039560 913155 7347104
-3611769664077751625 -2750423 42343 7346512
5649831100597285030 692604 -1799252 7346496
2621438396783733298 2004830 1565700 7345600
-4737701301645750423 -2633713 -2296943 7345040
-6175467669930334697 56837 1300428 7344352
2490249581785456777 -31430 -3189989 7344048
6880493675426432376 1054730 -812247 7343984
4717707459685496564 -1783644 -622156 7343632
8895013176450632442 716177 -2295304 7343056
8481510549380591301 -497855 -2050757 7342656
2490251261906317115 -946524 -887037 7342560
-2569417656839344429 -2822794 2110406 7341024
-3758234512997752310 1483929 -231823 7340544
-9111780850269332577 2166618 893163 7340544
-6764672998139229071 -1762607 630569 7340320
5509172158747921406 877789 -3336621 7339952
-7406732171327352109 2395687 -2740344 7339872
-2420651250246689018 -1437340 -613171 7339424
-8508003602959387227 -2003667 -396259 7339328
7340261010945555002 873246 -2375452 7339024
-1667287788710613864 461625 -2634741 7337744
-831056979846034978 -2373133 374750 7337584
5205595512710163542 2391217 549956 7337120
-6619902219374562666 -1524509 290661 7336112
8481510415512139447 1852054 -2047695 7336096
-8633800854931183771 2198416 -2448410 7336048
-6175466832041360380 3048352 -2735532 7335920
5076895971128636258 67200 -2621686 7335424
-7094968453827168757 1976185 -2125519 7335248
-5400413777847385214 841130 -945469 7334976
-1636401089251516094 -1956078 -3506218 7333344
-4236563756409250488 266864 -168969 7333168
2490249113552733101 1185147 -597047 7332512
4717707319072554209 970403 -630871 7332016
3984669880050273698 1125716 -2091109 7331440
8038540916912798331 -136650 -92623 7331360
-788037599450399049 1916098 -2582867 7330992
8115593356805739679 2028923 -2059752 7330688
-5400414052626888227 -3250251 830506 7330496
-2658012040321794862 2116373 -3156743 7330224
-8242443658963622024 2559629 -930068 7330224
5649830999529558515 -1916742 637543 7329712
-6518872684213992057 -231811 -3374906 7329632
2672421623901803354 1905975 461002 7329312
8481510372556714308 -2309729 -1397696 7329168
-650910464743959374 -2982406 -2600021 7328976
8549896336933851825 -2204610 -3361192 7328960
-4864343008601180080 193818 -2038948 7328576
2490252257803254412 -1725132 -1427418 7328240
215667917893708653 183902 447311 7328112
-831057422800049063 -1923402 -2897704 7326928
-6004775224909233276 1293441 -3155519 7326784
5076895949008077327 2377513 -1149741 7326624
-1636401365385750030 -2485807 24600 7325040
-2569417727791932475 -1924448 1606994 7324432
1743391274281167665 1754515 -783217 7322784
-7673451760796778143 2856835 -1108856 7322736
1400501856789965359 -2590503 1448256 7322608
-8660870215294676574 -3042530 1241549 7322576
5279286394521135873 1468548 -1283463 7321760
2672422505952231922 -1684733 -3248481 7321376
5509171868198637784 2362410 1070751 7320768
5411005367616600207 -829864 -2656098 7319760
5054073177204525249 -3287591 1684942 7319680
-7139102568464476006 744437 -2311535 7319296
7464779651012991446 -755029 -97872 7318656
-7837274102528257516 -1425102 -1576494 7317488
1632704312575915330 591122 -682362 7317392
1632704419550432169 -65332 -1173835 7317392
-3175357647274251746 -1901679 -395864 7317312
-2803018994101999148 181891 -1300699 7317104
4594647363891217337 -3242933 -1622843 7316768
8416998158750757867 1613540 -3039711 7316576
-5624399268993905133 2374831 -3236292 7316320
-2803018948764261288 1330428 -3254634 7315968
8895012932715138670 2902950 14105 7315680
1743390969119563813 1458603 -2076003 7315392
4832611618810543280 -2452558 -1002502 7315376
2672421992097046003 2323594 -2504807 7313856
1673735499427244165 2475056 -771979 7313648
-5437444924540509057 -810590 -1659365 7313568
-5029712933221737738 -178295 -412313 7313168
-4994076891382632408 -2705542 -3344896 7311872
-5224684059666298006 -167444 -139180 7311280
8038541173257753471 -1372618 -3443950 7311120
-831056923356728551 -2092774 -1193059 7310944
4832612154393916011 593129 -300619 7309664
4249771716129867182 -1596156 1919689 7309552
2490249192248045426 -3207263 -1729390 7308784
5526126446293053760 -3112462 1691231 7308624
9095605239920904325 -2392106 -1493217 7308576
-4737701540550885447 -67880 -775116 7308528
-5973441297129389598 -1679161 -2320091 7308224
7340260959774496296 -426868 -2868021 7306720
1673735649112091455 834427 -1518961 7306192
5649831369382798250 1939919 -1075643 7306144
6753822181084510453 -2887688 1704884 7305952
5408804805392350579 1256070 -1643061 7305696
1743391517276252596 -1054070 -2836548 7305152
-9084391551572680848 -1378569 1045991 7304928
-7175979194917852338 -1635643 2308861 7304912
8410114603218563243 59652 1738982 7304752
-7536654728754116630 -2674768 -1215230 7304736
-8805987086799242143 -2980641 -2148237 7304640
-2569417578931110372 2649376 -1533033 7304240
-8805987137513930143 1217733 -3075603 7304160
4717707233736000144 -186756 -2409502 7303696
6753822474640465908 -1146624 -2248631 7303184
6336281637235150006 923881 -2525140 7302240
-1667287554081039094 2267445 -872056 7302176
-1086617485883175560 -3095227 749147 7300640
-6764673028722323602 48405 2248269 7300608
5205645196300459080 -2296793 2445844 7300304
-5973441060607103473 2301951 -118463 7299952
370657938110920551 169255 -731654 7299648
-6918883500839151258 -2641090 166283 7299264
8416997920149450671 -1119021 1573556 7299104
5076895843558595728 -215133 -2893905 7298512
-831057229405237618 -164184 1418623 7298208
-4236564219920726909 2569624 -3437167 7297680
-3758234388308221057 -1591701 -299556 7297552
2621438751327333677 -459291 -2174408 7296096
-7536654973393863777 -392756 1425027 7295616
8038540995357399674 -2421914 -3159421 7295024
-3172349731019345872 -120750 -899486 7294816
1838992817969522849 2613238 801591 7294176
6753822225664222488 1451425 -3001876 7293488
6880493437739823744 -2197552 -2531250 7291776
2490253041066275290 360934 -1904827 7291744
4780410756883247277 -1779778 -1883915 7291696
3243949159173063597 2143533 1633522 7290304
-1086617105364078833 -549559 -742879 7289936
-2025135472553729974 -1566145 251111 7289904
4780411124309052848 2249862 -1236470 7289184
9137839861292214558 -2348076 -3137846 7289072
1673735930325728480 1270683 -3411866 7288816
-9185160366343976277 -3202773 -2625282 7288688
-7536655226971109339 -2377047 -1643968 7288192
5054073438516787769 392725 -3230590 7288176
2487332249863450310 -1149567 -3276144 7287840
-1685888984219745277 900654 1616756 7287328
-4236563917107990997 2206183 1047814 7286864
4594647241926339830 1003970 -2127259 7286800
7712352337140871975 -1943019 -820854 7286800
-4587473983423829118 -2571451 -1778452 7286704
3897887032047620516 1640509 333430 7286608
5076896161524034938 -1924812 852342 7286432
6070143898508245721 -2618706 916335 7285552
-4236564426846731735 -1255054 -2845709 7284112
-8660870280806571115 -2202846 -2031575 7283472
7464779564968271662 1215551 -2225743 7283328
5408805032735203843 2507783 1105055 7283296
-4222568686771242020 2840900 -205188 7282848
-3175357602101693746 -2918026 420375 7282528
-6175467218777184186 -2469709 2542223 7282512
5553415623294750404 769536 -1055856 7282160
5649831069402153252 373193 -2546187 7281888
8410114608318228965 179265 -2632407 7281408
8038541137750319943 -338071 -2753462 7281344
-2899010129446869340 -1398585 -1376912 7281072
-3155259102395989946 1499278 -1712720 7280896
2545419872293877053 -1376365 -609253 7280800
-8917806065418794704 -1305725 2136393 7280464
-5624399558108449657 -2000408 -3077074 7280432
6897496916025728186 -2689322 1912865 7280416
-612872710591008955 -3005392 -1000097 7280224
-7673451915447832346 1913934 -2967015 7279424
1743391035937923712 1497053 1567702 7279264
-7128763457402429321 -64687 -1228449 7279184
-7536654584367393815 -444523 -787306 7279152
-6211499998535186351 -196925 53944 7279024
5076895585824058176 -3123696 -764779 7278384
-1013529215146626438 -2536004 2057602 7278272
6753822130575384115 -879845 -716905 7277856
-4148167071099637030 -2352257 1066282 7277776
2479032829724388846 -2609163 1869451 7277632
-4236564492096668838 -512050 -919549 7276512
-1636401278033297860 -3044180 1786450 7275808
8391333486181794292 -2751293 1068936 7275456
-8633801286974594829 -3443528 -3087265 7275440
5076895601900851160 1602925 -3003250 7274992
5104882340064040148 2831565 -86435 7274784
5411005316569672664 -2415454 923944 7274784
4249772201578943054 1754398 205149 7274656
2490253104220949059 -1871096 -2463490 7274608
-8633801051736478755 -2580934 1949764 7274448
-3435848015334255935 -249800 -3339881 7274000
-4864342980825426352 -102730 1518689 7273792
1723695269418025199 -1917281 1375164 7273664
3405764668897953962 -62930 1775627 7273264
9064573256557200041 -2484168 -2734066 7273152
-612873032417012838 -1858526 1575852 7272048
7222897419736289856 -1018223 -2216855 7271952
2487332261595335776 28463 -334206 7271680
930397874968724743 1235694 -3152136 7271664
-2803018936072669200 2354845 -168312 7271568
-2803019616607392471 163199 -3292295 7271264
-9185160089852361284 -1050345 1252412 7270704
2490249949079212779 -725656 1126199 7270560
4780410810342215284 1202180 -3419275 7270544
-5539732783773523263 -1541548 -3225717 7270416
8658895822684888802 -588248 1177825 7269952
2545419794643359181 -875353 349238 7269840
7235378632189517492 -1270677 2010891 7269792
-6211500120552071954 239666 1149432 7269584
9064573333528698477 -88716 -2839674 7269584
8038541262643258302 -3376532 -3305544 7268960
1498944075854837751 228608 -762680 7268592
7791152894154209495 1042999 -3084357 7268336
2490251850992770037 -1158592 1414492 7267984
7393325204215882630 2106563 1584593 7267936
-2510611138910158610 -2360034 925216 7267072
8115593493431259096 2744708 292893 7266496
-8242443567251864685 1055026 -1567824 7266384
3171773698515696417 365809 -1438731 7266256
9137840434800832775 2533361 655799 7265600
1037704919833010630 -1038567 416877 7265520
-5973441924325243351 -2500463 -1306386 7265472
7235378501257988728 1058113 598956 7265152
8391333546866241813 -3106231 -1886940 7265040
-6810934495766463784 868478 -1405963 7264064
3801160317678713923 -289024 -6590 7263936
-2569417819682003624 1032745 -2409765 7263072
-316632919041392591 782202 -2960249 7262992
-5934715176680861723 -2768860 798746 7262816
-3172349631116415679 -641526 1568964 7262128
-788037509533057248 -1498505 1377920 7261936
3405764722472813432 2261878 -1323513 7261824
-6764673266778429350 1046497 -2175975 7261632
-6901860845447843556 -2488268 -1523751 7261248
8115593366106258580 -2185407 -2752634 7260352
8391333337600463279 -2991625 -701658 7260240
7419208295860250222 2287368 -4022 7259888
-1993538515136091115 -35313 -2099296 7259792
-4236564007569720043 2215709 574321 7259696
8115593349997634914 670689 -2712463 7259168
-4587473655915130153 -2853846 -918427 7258640
-650910429325547980 -3007861 1164526 7258400
3207105863193866560 -2898218 323192 7257616
8699943760017751282 -726544 -1110069 7257280
-7357188182524013365 -1865149 448104 7256432
-5539732680064177311 1087350 -1237467 7256128
7464779718762842879 1728864 1314134 7256032
-8917806026729977059 1782035 -903958 7256000
2672422144623478160 -30947 -343541 7255968
-9111780684479364274 -3379188 2006871 7254976
1627074705611632384 -2669629 -2236672 7254608
2490252998393350345 1125513 -2439937 7254288
2490249684575646529 924603 1405020 7253712
7340261041642665378 -12930 -3129150 7253568
-1672442415785787645 477547 -861831 7253344
1632704416265074356 2375177 -1237872 7252992
4249771806510986140 -1743597 -54450 7252240
-8917805600382204834 2536580 -345515 7252144
3797994721722724191 -1043243 -1180299 7252048
8115592521187278067 -2456007 -3042625 7251808
3405764661040321895 1074411 -842935 7251552
1723695285603430791 -3149391 6999 7251312
3171774001570543871 1306256 475061 7251264
210842936955115732 -2421570 2013752 7251168
4249771996576128112 1526253 -2901515 7250704
5279286210362132295 -155184 -1395353 7250144
-985828825219624216 -3312612 2268145 7250048
-7094968852592027387 7493 1334483 7250032
2479032742661377115 -2764876 1722050 7249984
5953618995032784352 732504 -1257377 7249888
-8387809713240202388 -701790 552866 7249520
5076896454912421758 -3073971 -3056217 7249456
2487332267171995544 2455273 493945 7249264
-2510611241943482577 -310347 -2452836 7248624
2672422397810344896 -1434862 -1943972 7248000
1037704862857446257 2515766 -2817441 7247952
-5029712810921277447 741714 -2213026 7247488
-6175467521722355420 -2896611 473013 7247344
-7837274511704446400 -2379053 1487726 7247312
7419208788868213012 -668211 -2584761 7247120
4249771949344985414 -2177328 -1945607 7247008
2490249910914144878 -1475900 -1836919 7246816
-143254143862810597 -1555167 -3116113 7245984
3801159978837410025 1720600 1710279 7245952
-5437445117928838571 -2065356 -2802387 7245760
930397627420140462 -2790901 165898 7245376
-6004775191954609999 1713429 -582829 7245328
5104882202937657233 -3178859 -3172173 7245152
-7837274139806068373 771507 1280976 7244288
3801159947101344172 1592503 714399 7244240
7791153037708730122 -3309449 1631181 7244080
-1131090267130230465 -1896617 -693170 7244000
-8508003700709292093 -913291 -1570948 7243728
-6998357962795510600 77502 -784555 7243664
5087323259370649878 617911 -1195396 7243408
-6004775348341184600 -1233999 -818697 7243008
-9111780495030490684 -3104957 2241787 7242656
8115593231126750210 645087 580941 7242368
-1993538399269356489 -1275129 -2343126 7241872
8416998219973992949 -2826344 593034 7241584
2490251813957711873 -389188 -1730127 7241456
-7128763386698237486 -1908704 -1507109 7241200
-1667287783238121273 85196 -3074924 7240848
-5122565012050737995 -2844219 2123623 7240720
2490250566144658741 -577742 -1969618 7240656
-6901860792656042604 -2217551 1377455 7240592
7791153215393712960 -3138629 -896742 7239536
4744927097620385718 2817806 474522 7239328
-8242443640225913793 196699 -212295 7239232
2194529002400283832 -2241002 1027714 7239168
5076895865483282666 -376099 -315084 7239104
2621438818452286123 236796 -637244 7239056
3797995246345027135 -65271 2280366 7238960
-612872755525248778 -223269 944288 7238656
-4864342864044841408 -1130052 876442 7238560
5953619047143628581 -868761 -165953 7238224
8038541183447685246 2272226 1188893 7238064
5473096129127095470 -1139001 -2441778 7237728
-5437445586106347795 2630377 -1011205 7237664
1673735544584877463 -1979541 1151783 7237552
-4236563839706766971 1983471 -825671 7237328
-1636401105416174583 2154432 -2175384 7237248
-6918883544310884977 2884336 1295116 7237168
-3620025059322965333 890041 -1024891 7237152
-1636401316551234099 1994016 -3126709 7237104
4744927081568843142 2020332 -107478 7236544
-7139102096348288120 -2981580 -65086 7236464
3243949145682752950 -1537014 -2414366 7236400
8391333234240070870 -848220 74676 7236208
-3175357794387864739 -2970415 -1688296 7236032
-4994077070226993701 -3261904 895190 7235744
9137840359174599394 -1626030 321660 7235664
2545419869468052317 -2929911 -2422902 7235584
-1086617242777735337 2115144 -3339890 7235376
-5973440909047411289 -1351626 784614 7235120
-8458980792726006655 13058 1718411 7234160
8895013160198092305 1368811 -475246 7233728
-7230185763785039965 971075 -1083974 7233392
3683370841900516382 1398695 -1692413 7232944
-9084391519303726339 -1473151 -824980 7232784
-7381553564646226709 -807828 1002652 7232672
-3611769234259614331 -2918074 -3176809 7232032
-8805986918407519911 956178 -2820497 7231936
-7139101952654792285 -3230085 26657 7231664
-1667287962594382261 -587327 -1375056 7231616
-8873426338162148504 1399730 1084933 7231616
2672422261245497405 -781337 -2633172 7231312
-2516074976901709292 2203129 -115533 7231024
-3611769353524946697 1305180 -2377573 7230736
3801160384322649457 -850622 375447 7230432
-2658011886857026442 -1090935 -1796071 7230240
5205644984218775763 54949 1218198 7229744
-1667287577671664635 -1894680 -3436160 7229200
-4148166889960847025 -3392128 1692959 7228944
7393324941194210379 -3263314 1016520 7228896
-9111780940878219270 2253582 -260657 7228784
-316632980650407494 -409406 -1762482 7228768
1037704953595139631 -2424384 -3314697 7228176
-9084391724413047134 -1197471 -698566 7227248
-8242443895426263521 356542 -2977971 7227040
-5224683958872415573 2520085 1867024 7226816
-5122565285556651133 -1088955 -2898534 7226768
-9111780820258229425 -2815072 43306 7226576
7712352330553293483 869764 -944999 7226176
-7837273900923521306 -41798 -563577 7226032
-1993538325907583159 -1191607 -2444721 7225904
6897496777948247882 -1478784 -1000172 7225904
-2569417559685643198 -3441589 -2112216 7225840
-1667287303282966981 2389649 761725 7225584
-3611769474997209991 819688 -2725215 7225392
-788037789736156590 1220544 1262130 7225264
-6764673240104504434 306186 -178397 7225264
1400501555619352622 687489 -1369916 7224960
-8660869891000422421 -1164830 2201159 7224928
2490252238445124646 306358 -491693 7224048
5408804812684147148 12505 -2844393 7223888
-6901860831907333772 2692923 -1102687 7223824
-2658011999271359872 -432878 922665 7223376
5076895916493800469 -2117613 1905649 7223216
-2510611079732703811 -1534981 -1206780 7223152
7235378451973702728 517813 -272872 7223056
-6901860864306465401 -1403919 2086533 7223008
-7094968797729024352 -1876130 -2941066 7222752
5087323250355640523 885189 -152795 7220976
2479032812397149526 -1197102 532747 7220960
3797994175002291397 -2439558 -1459395 7219728
1627074741319685519 -1866055 -1401256 7219248
3797994493745116515 770351 -2364867 7218480
5054073492328269452 1628733 1422130 7218336
-5400413805269035835 781528 -626342 7218272
6897496686673766445 1240765 1786401 7217952
-143254310468032696 -966568 -765277 7217872
3570974673840531599 -1627699 1221281 7217808
4832612080161024528 707435 -996733 7217776
1037704678492983808 -2396861 -937733 7217712
3243949056738255662 -2522733 -191233 7217664
8481510303978412175 981546 1285091 7217488
3797994584971739716 -1000855 -2337152 7217440
2490252266404031833 374704 602137 7217296
8410114422001729668 -2104124 1602015 7216400
-6004775318267985682 -1467831 -2069266 7216368
-8633800834180013798 -1232281 397780 7215584
3405764669644008346 -1319779 2359900 7215424
-2569417865155699105 31972 -3024913 7215232
-4737701395112481793 -1657982 -2749524 7215056
5408804930714327348 -2358307 588143 7214624
-2791475238868599577 -2211871 -2547647 7214464
2490252660610315296 871422 -702215 7214352
-9041781534032976386 1186730 -2434824 7213776
-316633141250018055 2430753 -1366511 7213696
-2658012184320465660 -2162870 -642760 7213504
643392061329503169 -2508967 -508061 7213008
4425237471580887824 -2249254 -1463650 7212832
1627074989753208291 1276747 1169008 7212512
4780410968645504351 -1715201 -1559632 7212432
8391333258397221155 -3065864 -1079466 7211952
-6175467278294318689 349120 -2944298 7211312
9095604943749720269 2462809 -3407425 7211104
2490252213243785002 68203 -2981126 7210176
-5029712931624303034 -1485603 -1540337 7210080
865030100725142155 -3384740 -1896371 7209408
9064573541854684279 1076340 -1701490 7209360
-4222568699876402591 -2773379 -420520 7208784
3801160116524687767 2845484 -1934380 7207680
-4236563741732061477 -2725469 1094293 7207248
-8917805165300567606 -758182 -239243 7206864
9064573477631179155 -3186397 -1323188 7206544
5509171860182208913 627258 -2502349 7205376
2490251194557436780 -2152835 324132 7205008
-5973440830457507490 -1928767 472223 7204032
6070143533228561097 -2088882 1832185 7203824
599094544251964241 2009208 1204373 7203648
-7536654634487966567 -2269410 -1860699 7202848
-4994077192266434079 -2397381 -2638010 7202816
8481510754615721292 522562 -3364361 7202336
1037704633145598504 73652 -729500 7202256
9137839994354073190 71958 -2754382 7202160
5076896193556459350 -715616 1382582 7202016
-9084391301109569142 -2131317 -2460223 7201920
-4236563903333602813 -2712820 1062274 7201616
-5552024995359195047 1228666 -2250993 7201296
-7094968748603298381 1089646 -1610688 7201040
5408804686761055692 2784850 -183283 7200224
2497739936642758152 2576290 -627550 7200176
-5122565106028017252 41693 -968299 7200160
-9084391309340080833 1338923 -642008 7199840
-4864343015576857415 2638159 1836517 7199664
6753822316482343414 -2010643 2369393 7199648
3171773571282104255 1893892 -1338662 7199024
-5400414036983404440 -1587277 -341692 7198608
-5973441304171850426 -2469338 -3248626 7198352
-9185160239148606548 -223585 -1871282 7198288
3405764734412610078 -3094748 97662 7198240
6336281474319997362 1816623 -1815695 7198224
7393325061776634185 -641358 26120 7197696
865029311741764031 1156980 -3028545 7197424
5054073422025763187 -783200 1825412 7197360
8304221544508130036 -2794396 -225849 7197360
-650910562720831126 801617 -3222622 7197104
7117343932942078751 -927188 486725 7197056
4780410752455829038 -3190413 -1973276 7197056
-1636401252755279663 -749238 -1430537 7197024
2490250814414493977 -1210868 -1495426 7196912
7614229033196432460 -2721757 -1104614 7196144
1673735940657265025 -929823 -186488 7196048
8658895836309309998 2365298 -2090689 7195888
7393325080211484259 -335747 -1762283 7195840
2490249752829732056 -2042585 -266771 7195504
643392159438751880 2162760 -2617716 7195456
-7139102702875237106 -2569342 -2217798 7195264
-6764673028241209446 1832220 823078 7195040
3570974519075134909 1778897 -2285112 7195008
-5437445227485419140 1183350 -403830 7194880
643392111550448672 379058 -2516943 7194688
-2420651185256490774 -10278 -2086545 7194624
-3175357679381650160 1786849 -1398580 7194128
-3172349670281482435 -980569 -2805222 7194016
8533037695262240785 -72538 2227074 7193808
1365210300250408174 1301551 -820631 7193744
1365210312906635416 2171311 -73495 7193232
7419208351936306499 574104 -1304053 7192976
-831057494554673467 -3029887 -32731 7192720
-985828747062721914 -3254533 -1589559 7192336
2545419440817678136 -1481753 1766878 7192240
3570974584910752527 -3461816 -1716008 7192224
-7357188108971523366 813163 -2916240 7192208
-1672442707310621962 1079034 -1191670 7192096
2479032914659175300 -1127619 -660653 7192096
-3611768929198672110 -1443920 1082844 7191920
-6175467677346222716 -2756686 -1084755 7191760
-1667287628707120263 -1255499 -2279451 7191408
-5122565218409788694 -2115497 641207 7191168
4594647332815875346 390310 -1463603 7191152
5553415881663358001 195156 548070 7190800
-9084391756969625287 -525452 1087020 7190720
8304221336808883250 -2867964 -2980763 7190432
-1672442484519640842 1104978 -305220 7190320
-5624399411867614508 -2931453 -2246188 7190192
-6810934372259027005 1906401 -950719 7190128
-2803019654482096608 -3299537 -37024 7189968
-6013094068238310102 -2959931 -1086473 7189936
-2658012247339521747 102415 -1863759 7189728
8533037698984928549 2775520 -1941628 7189184
-5437445544407356980 2051186 394531 7189168
-5029712886684286015 -2043706 -2008192 7188960
-7536655079743390688 644371 -3140305 7188912
9137840364673710301 -389869 -1185839 7188352
210843126612352266 2380276 -700635 7188320
5076895982703884124 1597620 -607836 7188208
-316633110122060998 519034 -1098848 7188192
4425237004664532196 -542288 -2932853 7187872
-7094969052579633750 -3058663 1284497 7187872
2490249318876697575 2004930 -1187750 7187568
-8633801421908448437 -3292948 1745081 7186880
-316632999296557719 -2410342 2307775 7186032
8115593005764885989 802878 436642 7185760
-5122564738374971638 -1943184 -252821 7184816
-7837273943139892305 -2100512 -2120029 7184288
-3611769392880884897 1959988 -3021848 7184144
-1672442622890093667 -2474893 -1576954 7183968
7791153052214869001 -2923462 890767 7183776
-6175467099341352344 2838582 1040708 7183712
4372474020805397513 559162 900959 7183200
5408804689801297511 -585763 1717905 7183008
-8917805648675410484 1485065 1890421 7182816
4780410943777177930 -2307948 -2291150 7182800
-612873129711598701 1269833 -1916643 7182752
643392130774687999 2456237 -1532233 7182368
9095605167075068726 -356467 -2241391 7182064
8481510319959619130 -2809550 1633799 7181920
5076896097291667789 -1936384 1665061 7181872
-1636401387070470037 -726069 -3230159 7181824
3797994558934743887 -2826546 -2094990 7181808
-5029713163311799301 -2206656 -1701228 7181360
5509172121893146111 -2436310 -1273182 7181312
1673735795308071125 -879285 2041165 7180784
8895013278343325341 -2582744 -2400811 7180720
-1667287698906182524 308088 -1864789 7180656
4425237504315397344 -778596 -1409605 7180528
-6175467376304371175 -1965510 -84653 7179824
8038540988622945072 1945031 893929 7179808
8481510416989634401 -1530625 1607965 7179728
-4864342439785639738 -3472369 -3156744 7179696
3968601929872915543 883441 -300258 7179632
-985828607415839354 775219 -2767388 7178384
-7381553539535147015 -2590446 -1252564 7178320
-5122564782989664950 -2413755 1355961 7178256
-5437444979788864206 -2305985 -1012322 7177424
3683370871128862242 2547361 737734 7177280
692293632519941770 -1121429 -2199348 7177168
-5973441830718041196 1025893 -1704401 7177136
-7406732296632944192 17465 151530 7176704
8658895589719146244 -2823964 117710 7176512
-755042715532046419 2437196 -2398452 7176256
-2791475264113250842 -293418 954730 7176192
-7536654447219940942 1191895 -2246366 7176128
-3155259406684029074 1701693 -1379237 7176128
-2569417901933229814 -1350137 -3409670 7175520
5205595432533215765 -2828070 -431095 7175264
-6764673005086382463 -1767029 1933793 7174976
1365210557874748640 -1974063 543938 7174912
5279286052212224302 -295739 309331 7174880
-143254089522866334 -828112 -3367821 7174672
-7406732202212034961 2877660 1173484 7174656
-4864342641379157161 316560 528456 7174480
-3175357582709210415 -1192089 -3404119 7174416
8115593091544819876 2064295 -775178 7174368
2487332346689561931 -706493 2064148 7174336
-4236564411400788987 244103 193524 7174256
-6810934470282457123 -540618 1165446 7173872
-7381553522033760884 479102 -2139003 7173296
3930212537845696086 2464142 1048218 7173248
7791153201055133922 1008708 -40218 7172880
-3611769526040960155 -2229321 -3325727 7172848
-3172349511538263677 -3629413 -976636 7172544
-8633800678766524631 -1655952 1279916 7172528
1632704416612748421 -1113705 -541921 7172512
5205645326517232376 649889 -865063 7172496
3897886860223854805 -66768 -3274638 7172432
-4864342565311993750 1221645 -990443 7172416
2490252172086927652 -854543 2124341 7172208
4594647247527292696 -3423571 2055930 7171872
-5122565114710639688 -1907984 -878075 7171296
-6619901693573126760 -2902547 -114771 7171280
-9111780674594747928 1851302 -1165145 7171232
-8508003706647441130 -586392 -3091040 7171072
-9041782118731923668 655732 553305 7170688
-6918883440778482638 626940 -3099646 7170624
643392153910225529 2311981 -2613015 7170176
865029426014164631 1323947 -3295488 7170160
5076896287759489095 -2449125 -2765049 7170144
5076895676242170632 -2379929 -669758 7169296
3683370697218405723 -2888828 -3145305 7168992
-4864342742676623892 -1427779 -1871483 7168864
-8508003518196683749 -2222753 -1509446 7168208
-5624399000763083364 -249398 -3462255 7168144
4832611823048561929 1601655 1539679 7168096
6880493394639772636 -3280237 1215227 7167536
8519566450554141283 -1665320 -2606778 7167520
5953618884916037526 2765416 -3303905 7167456
3797994975740441539 788843 -2056730 7167408
2490251672697772406 1527244 229157 7166944
-7536654754500423197 -1686625 -856080 7166896
-7536654753283605775 -2134111 1932392 7166864
-3611769431371114358 -2626109 -2185112 7166256
6897496936590428528 1376165 1829296 7166064
-5934715138992717963 -519408 -2123548 7166032
-3155258929479757670 1881453 426439 7165728
1400501671144991387 541211 -3115958 7165552
-831057189907531567 -3524955 -356841 7165552
3797994887949695003 -3160582 1479891 7165504
9095605463933427087 686815 1282317 7164912
-9111780632541375200 -2329279 -1999421 7164480
5103654607539701095 -3062251 1462504 7164208
-612872848930434370 -440770 -3034355 7164176
215667903119761102 -306250 -1021785 7164144
1365210417490580622 -1323367 94480 7163584
4594647193741455965 1799966 -1651453 7163488
-5437445343050072271 -2266491 442346 7163408
5087323142465789402 -1247226 2092996 7163248
930397607172888947 2219603 -1478198 7163168
-8660870197875242824 -1529788 -2833353 7163120
-1672442522501905282 -2323633 -1908228 7162944
2490252510042383216 -191793 -682192 7162752
4425237031198879371 2242083 -2770560 7162672
4372473975113105144 -3032445 768280 7162544
-1667287714276617528 -1033221 -1440829 7162144
7712352664390825828 2171098 1197638 7161824
-7357188191435324349 2017492 -2285377 7161296
7712352463647831915 -3119023 1250634 7161088
-4236564419614750021 -2412522 1053359 7160784
1400501648166475347 -682911 -1357629 7160640
9137840177884280072 -1916843 -2465880 7160448
-5760105752098029303 902849 -870392 7159024
3683370903010768450 605335 -1517374 7158992
-1636401255317223031 1178626 43040 7158976
-7139102569974720180 -2396309 1573114 7158640
-2569417940379057896 -2912420 -1612043 7158480
-5224683772614326880 -3102128 -3300798 7157984
-4864343018827883160 -466815 -2724097 7157856
-7094968807166657234 795558 225896 7157408
-1131090428007895575 -193333 -1939921 7157328
-9084392042682879378 -2944289 280666 7157216
-3155259143609553927 -2418675 -2109259 7157136
1632704560363843385 2395512 -969918 7156560
1037704808371435856 1533398 1090178 7156208
-831056652063716821 -55918 -686307 7156176
-5122564643328514970 1535137 513490 7156000
4551090380014070030 -2171180 -3064596 7155904
5509171933157310347 -1518443 -1609518 7155840
-8660870403277597070 -1434712 -3082851 7155648
-3175357719315555126 1955986 1718220 7155536
1498944017335977630 -3354453 -1004579 7155504
-9185160109442865133 352440 2260986 7154416
-5973441280044609258 -2838804 1793062 7154336
-4236564324280181240 -2445072 -1598606 7154272
1400501931005137891 -1190814 963740 7154224
-1993538375400597635 1699272 1163872 7154160
8699943771502231857 -164093 -1783479 7153776
-3155258689663021977 131125 1483638 7153696
4551090167694338206 1857375 -2036378 7153680
-3175357769094588257 -1087056 -518710 7153616
5087323489174905197 -2431341 -411067 7153456
-3155258805378801938 26962 -1647103 7153280
8115592873292494055 -1960321 -823774 7152880
-3155259316313833186 2257578 -1688760 7152384
9095604899519886446 -519363 -621435 7152368
-5539732862684408766 867457 -441469 7152320
7791152916773365805 -2289335 -707532 7152128
5087323269097296886 -2851349 -3226346 7151936
6880493390472660499 -1562272 -3351376 7151520
-2803019274041513353 -2677495 1333705 7151488
8533037589946285079 -3204710 314782 7151392
692293918619109081 781467 -645058 7150704
8115592663522978885 -1852967 -268388 7150560
8304221196028142075 964381 -784031 7150176
-7230185712841935507 -101861 -333294 7149952
-3611768971212688681 -703762 -216168 7149600
865029842593707146 639860 -287334 7149056
4780410976378532368 -3362176 -2344982 7148896
-2025135574129243003 2488027 -1421237 7148656
-7230185835059496265 -2822233 -807632 7148448
7222897501408812406 2359657 -3145377 7148320
8115593192467986427 -1346145 -3090256 7147984
-6619901741498329230 -1618236 -1615852 7147920
5473096238350359311 1877246 -221439 7147856
-6764673150853127847 -2133243 -256739 7147552
-7139101858292614735 -1763002 -3112552 7147408
-612872996578217651 -423816 -3240148 7147312
3930212613394422873 162361 -3322544 7147248
3797994534534258134 587450 -297268 7147120
-7230185417321868515 -2709337 -3014553 7147104
5054073199852308554 246445 -819512 7146880
7340261104284562765 -2644031 -2128413 7146656
-2803019694747902931 643781 531109 7146432
5411005279190686849 313011 -926014 7146352
-5760105827488902955 -529844 142609 7146256
-1086617520861377927 -173220 2374467 7145920
4832611813796375846 1381353 1551660 7145728
9095605472078507537 -135845 617672 7145408
3897886655876127801 -1679238 724174 7145312
8038540845102798000 3039617 623302 7145184
5953618886218086750 -2573871 385546 7145056
2672422564291718883 -2502919 2024373 7144688
-4587473943195833621 1895247 166539 7144512
6070143929208532768 -586707 -384535 7144352
2479032847167544397 534643 -3179952 7144320
4594646913135117195 730809 1654811 7144016
-2803018938691432099 -469803 -2374033 7143936
-3155259216819244663 467999 1039183 7143712
-7357188108343530119 -1625084 1515069 7143472
8481510716878099838 -710576 1110039 7143456
-6810934719616304191 1645685 -2674482 7143248
-9084391931672350218 -1264135 2300805 7143136
1838992852458764953 -2304885 663606 7142528
-7837274087744223209 -467088 -158485 7142304
-2803019553934541175 1828012 -1684487 7142000
3897886915937585539 1942681 290589 7141872
-1685889079708190505 2334289 691889 7140432
6070143585055741967 2782516 -1356047 7140272
8658895861090929991 469937 1141962 7140128
6070143911367784214 -1616058 1223834 7139824
6336281682296509087 -2408543 1331641 7139776
-8873426244566786691 -336657 696737 7139616
7791153264899630722 702565 -1277592 7139472
-6918883585657376226 -3164922 -94041 7139104
-5122564756362210826 -1167153 272867 7138864
-5973440954348236880 -2576736 2110867 7138688
-5539732924755389963 196387 -1917146 7138464
6070143942749388962 2913057 568471 7138288
-8387809616796979651 200031 394232 7137920
4551090140790512945 -779763 -285887 7137632
8895012972217150071 -123587 2301937 7137264
5279286112592206401 -3066450 -2180687 7137072
-4222568934495610936 -1668010 333229 7136960
370657932005012480 2641869 -2307869 7136880
-3611769187175965685 -1679646 -1212109 7136848
5279286043412941262 -3296926 -573784 7136832
-4148166962476743132 -3122549 771239 7136752
-4236564295079832257 2148794 -2169230 7136512
7340261158594361959 36057 -408524 7136480
9095605450123447700 1207185 -2679802 7136368
-8242443888322758364 553013 444174 7136224
215667784664906290 -2859143 -156800 7136208
-5224683593020628246 -2638526 1302767 7136144
2672422210074552741 2465932 750505 7135808
-1013529346772635671 113913 335023 7135584
3405764774983492284 -2843894 -122829 7135312
-7837273932493732300 677763 1231519 7134768
-2025135345403953483 -3445751 -3280367 7134688
-2899010409646770074 1300806 -892204 7134368
3797994615577287700 -2883329 -2077272 7134336
-8458980777437237192 -3090597 394302 7134192
-2510611107880125740 -731530 -1960623 7133776
-5437445570671228088 557896 1979656 7133600
-8633800854069028293 461431 -1134742 7133216
2672421800390408924 1235413 313746 7133104
-6004775361796003872 -1746330 2046213 7132896
3797994791406480291 312172 -1765167 7132720
-4927323306316982322 -1299595 585721 7132704
-7094968956496597713 -3108317 854000 7132608
-8387809826831265812 -198637 -853666 7132512
3984669953324134867 -944571 -1367899 7132368
5509171798277855648 2524511 1628139 7132256
5103654808113109809 -36274 -2275682 7132032
8410114418146530180 -1446380 2223456 7131984
-8242443436444347513 437104 564683 7131440
2479032847392994108 -2778090 1872806 7131344
-8873426461438459971 2442407 1118322 7130464
3897886948754240967 -830086 1926520 7130352
-831056650375034914 -3161189 -1570061 7129936
-4236564042467364235 -2469035 -3074186 7129632
5076896286341123406 -2597630 774120 7129456
5104882305945628910 -2247205 694935 7129040
4372473907197311577 -2026382 603255 7128816
-5552024996168336311 -94682 -1271402 7128656
-7536654956883068275 -2065748 -2584068 7128464
2672421571635346840 -71007 549177 7128448
5509171942073174743 909943 -682922 7128224
-5400413984321000708 -208812 372106 7128064
2490250896328443227 -3426903 -2500933 7127776
-1685889140310667486 1900167 -858023 7127712
-3172349434281821227 -2348732 -995317 7127696
7419208678103118890 -2742963 1465327 7127664
-3155259061977653578 -2447782 372856 7127616
4717707265535618912 1104238 -1484237 7127328
8391333452210849578 -447103 -1965733 7127152
7799786222517575597 -1384254 -2796998 7127056
-9111780781286351753 385849 130691 7127024
8304221513002215246 -2581414 -2053749 7126992
5076896174557741087 -1821479 142268 7126848
5408804676330518654 -2550540 -2116039 7126720
2490251334283140362 2255834 1625270 7126624
7799786169838165055 21121 1851801 7126352
-5437444984717041677 -2037302 -1708786 7126336
7393325072700463393 -2885999 1024796 7125952
-8633801196392802192 -1323098 108903 7125744
-5552025052111782924 2506358 -23556 7125440
-8387809768295742631 877071 -369308 7125152
-2658012120653411292 -1476299 -2208530 7124672
3897886754428684198 1177608 -256768 7123984
-4587473622543851102 -2506854 -2010618 7123808
-3172349774230141714 219856 -3288888 7123744
7419208641530205738 -2057050 1414873 7123568
-831057170179817964 -3339037 -2994756 7123488
-8917805234328561103 1096840 -2975514 7123360
2490253075409284899 1028413 1589130 7123328
-831056628945825534 -1038928 1047413 7123296
5953618807209565219 411834 1656607 7123216
7791152844887463318 -2645508 -2496926 7122704
-6619902008036353444 1591806 -157163 7122560
4832611923000410574 -842383 -1292280 7122064
6070143902973402931 1658360 -2003859 7121472
3683370660429790772 -725888 1734353 7121280
7117343882621871872 257830 2003785 7120992
1400501822200713634 -1320782 1321820 7120944
4594646982259590701 2382473 -2270341 7120752
-5760105804701807206 2003504 -2390379 7120208
5553415632602484299 925796 806313 7120144
-1636401297741273437 2234745 148827 7119968
-5400413973614170859 320441 -2236200 7119920
4249772075797115554 1043017 1400108 7119872
210842917094807980 -153401 131729 7119408
-2949389229770046932 -1615885 727760 7118944
3897886954530704159 1079052 267988 7118608
-985828603284969578 -2673392 694102 7118464
-4587473759396575405 1228234 -2977187 7118400
4594647132646663091 1095424 -1944696 7118208
-316633059464752702 -1319110 1609603 7117952
1400501788654997691 -3542943 -1669291 7117680
-2420651356445557463 -545953 404700 7117536
-9041782023604800580 -3024061 2007967 7117440
-6901860598288162023 -3348053 1746122 7117408
-1667287305038673011 2191897 -637389 7117264
5953619065343049999 -2525052 2007628 7117008
5104882124302463583 1282668 -2751260 7116656
1037704923984655882 643093 -2611346 7116560
-7536654634225054808 362511 1356652 7116480
-4338009536387946880 475351 -2547792 7116208
-4236564650648312933 -7887 -2273004 7115984
-2658011913839794900 -2610971 -2227532 7115808
8038540945286354491 395865 -182941 7115680
4832611830193701670 -1210511 -926252 7115312
1400501408289808710 -3276861 852675 7115120
3897886736411926738 1050941 -203591 7115024
5205645037519078718 872996 592435 7114992
-2516075011651375465 255896 -1889006 7114688
1632704394052598403 93142 -1156918 7114592
4594647509998027624 -106868 -2435352 7114496
-9084391970118975149 128714 -1294683 7114032
2490253139061194846 -2794179 1757039 7113792
5509172108231662392 -3026819 454996 7113408
4249771838668826000 2176767 -110304 7112784
2490250312551359224 -2910280 1228085 7112752
-7139102862687483440 -723825 -3012803 7112688
1838993094776537291 -474753 -1738898 7111936
8115592635576956819 2750978 -1818043 7111744
2194528934574370392 993230 746067 7111600
-6810934634078733027 2625240 -1586104 7111568
-6998358222563247541 -1218576 -604506 7111472
2672422544754351456 -294231 851053 7111424
7117343859793538431 1256968 -1257441 7111216
-1993538414555777695 1031566 -3121243 7111168
1632704859477566093 1589309 -2366196 7110480
-1672442650687495498 1442791 349751 7110320
3243949463021275630 512380 252111 7110208
865029871542185189 -2838574 -2733752 7110096
288124913504024909 -2075325 -886178 7109888
-7837274064801005243 -1900320 -2988595 7109360
1838992760319550419 -604779 -1722310 7109184
643392154528863778 2670986 36623 7108768
-5224683820776753020 -90033 458192 7108768
2545419584884588826 155662 2043189 7108576
9095604887546338215 -843037 -2429461 7108416
9137840349763323875 -574355 -69058 7108240
8038540888886646953 -2577617 -419858 7107904
-755042631360946753 771008 -3311601 7107600
3207105755296549328 896278 -532829 7107232
-5122564831750710301 -2398610 -2044806 7107056
-8242443501928234782 -345440 206681 7106592
2490252971454773238 -913437 265515 7106528
-4737701410232566932 586935 -2312098 7106480
-7357188137122584716 2430921 -2842954 7106320
2672421969397580251 -1819798 -1469104 7105904
1743391488553252308 -81016 -2630061 7105712
-6175467514409970061 1424450 -3366429 7105616
3683370860304653325 -1740861 291375 7105408
9137840058306627292 -65970 -929781 7105312
-2949389215273995260 462406 -1238932 7105168
-2025135492595580343 -2191084 -741995 7104480
-2803019371676220152 -1746099 -326427 7104016
-3175357508566947501 -2719489 1398097 7103440
-2025135336256654410 1241552 1106463 7102896
7419208249415341934 -805839 -2280445 7102656
8115593242799206866 1388833 -1271213 7102560
-6175467373107021416 -1764458 -941405 7102512
-6175467307278442705 -2904754 240450 7102320
930397823719519881 282553 -1538754 7102240
-2516074975718116585 578850 2047192 7102160
-618600864579728608 194695 1054347 7101792
-8242443641618971088 468592 -1109131 7101440
-7128763426622322015 -3552193 1497367 7101200
5473096067462091477 2667590 1643980 7101104
2545419589278439672 2526422 1779725 7100592
8519566394857069802 -2226121 -2345220 7100384
2479032667463847726 2394350 1149972 7100272
-7536654820608740442 2529058 -1632464 7100160
-8826097678770675929 52238 -3214726 7100000
-4236564384514028892 554630 -2133223 7099968
8519566102680764303 1774437 126286 7099920
-6998358222074398667 -171657 -1132760 7099680
5553415644876106443 1983054 -1455869 7099648
2490250295916883298 792210 -2100107 7099632
-755042358389511150 -3441103 -1216662 7099616
7799786247194044310 -228059 -2774345 7099600
2490252172662282548 165965 -1329277 7099440
7799786182944081103 -2129766 2198217 7099344
5553415875244989973 -1537346 -1787168 7099312
7464779653068619704 -296082 1241074 7099216
-8387809873856139902 1043132 -247483 7099152
-7139102100195001520 1407286 186250 7098848
-5624399419162421129 -48264 1618874 7098768
9064573258089206215 1505233 -2448245 7098672
-6619901993681191726 -1975441 -2871077 7098400
1743391456270455754 -154466 -1904688 7098224
865030053879579244 -3207367 -1467670 7097808
-6918883469864266530 1471956 -1256680 7097808
3171773578380413870 2176666 -2533053 7097712
8533037655055234699 285378 -3125288 7097664
7340261049522381208 -2836615 -1878005 7097584
5953618818045145940 2819976 -755210 7096928
6070143938046040942 -481581 -1862080 7096832
4717707243880792194 -3167127 1339491 7096832
5411005330039441186 2499644 -2872 7096752
2490252742998377072 915286 -3407497 7096320
865030082318605483 520846 1445763 7096240
-6810934775310422414 2068265 756779 7095968
3801160310109114828 1819670 -2453908 7095712
-5760105975388914772 441513 -2861667 7095696
-5400413768133257596 -2458751 -2517804 7095472
7791152622593554896 -2176167 -1864224 7095120
8416998011471806292 1280282 -414236 7094768
-2803019121635336381 1430935 -2343782 7094640
-6810934570130407023 1592127 -3346719 7094224
4425237028132599835 1779968 -3239849 7094160
2490250622269350192 2290009 1441712 7094064
-8660870425784889128 -396604 -1455793 7093984
5076896472467108518 371771 -2622784 7093648
4744927124056017416 -701951 -412195 7093600
-5224683597242641678 977462 -1349008 7092688
8549896499590825959 -1191602 -3106140 7092176
5205595430346636616 -1803822 -3429689 7092064
-8917805688987651143 -1230765 672873 7091792
-4236564190667093141 2527559 -995995 7091648
2490251016707398378 1309259 -704068 7091520
-3611769443447280080 1167695 917336 7091360
-5029713109013698463 -3034645 -1119263 7091088
6163916203899148854 -1274920 1239913 7091072
5054073494629941709 -2629613 -644099 7090992
3683370924002397992 -2930632 2179751 7090896
1743391408689499286 -1210713 -1117711 7090704
5473096249113116091 -804218 732696 7090304
1838992883697232709 -2830587 597609 7090096
-6619901745206972429 825241 -70294 7090064
-7097784802606052224 -2043291 -2740718 7090000
3405764791902726309 -641323 1662363 7089952
1743391414081308916 -41452 46932 7089904
-2658012256124236866 -2510761 335995 7089696
-7536654838151244251 -2264279 -1826545 7089440
8115593287980228870 -2431837 -855340 7089392
6897496839144506413 920379 1732314 7089232
5526126636045015734 -2271847 1535050 7088912
4717707309310889857 -88862 -2163554 7088688
-4994077029034909176 382402 5073 7088384
-3611769032446492300 -1003608 1663958 7088144
1723695196529110995 -349697 41432 7087920
2621438800838172180 -1294036 666165 7087840
-5624399528693764166 988465 77663 7087792
-7139102519109711967 1717598 862809 7087792
692293534973897410 -1331740 1212853 7087360
-5934715343567191079 1303590 1219543 7087120
6163916186782211821 -252229 -1017495 7086576
3797995050210759643 -2104525 -1743977 7086576
930397889076786681 461656 -1317852 7086416
4780411052723447877 1874444 -185912 7085984
-2803019500597863184 1027667 -2169348 7085744
-7230185544897060731 -3348563 2083619 7085104
8304221456954022165 973249 -81964 7084912
4249772041284460197 1531366 955407 7084656
2490251522075294746 -2047159 -34423 7084208
-6175467576573529101 973462 -2199930 7084160
8038540952393260588 -1404279 -1630434 7083856
8481510323907458768 -2323990 -2683765 7083328
5054073382503632644 471916 86604 7083120
-8458980795884304162 -257863 -3067141 7083088
8416998270131098980 -1918807 1724399 7082864
-831056916578195619 -2428240 -3178017 7082672
2490249401799568425 1616289 919375 7082656
7419208412987003206 -8260 -3553565 7082544
8391333653191960952 -937506 -3336957 7082096
-4338009669176745807 -1433950 -1711374 7081744
2490249659730835449 1179532 -3296034 7081456
5553415704412478920 -3303931 -3041528 7081440
-6619901830088126881 2004788 -286104 7081392
-2420651362653887447 2220718 -2815401 7081392
-6998358112648771601 1821785 342789 7081360
-2569417900598029119 -2618474 -936196 7081216
3797995091712539607 -3170853 -182530 7081152
-5400413961755590792 1326833 -769028 7081072
-6175467062380235151 -1442979 -67637 7080928
-755042309710636957 -3088966 1180080 7080912
1743391191244224295 -470760 -1081759 7080912
1743391144423113043 1516633 -1400104 7080864
930397545746924644 -2780397 -1726339 7080720
-3155258637430988139 1865654 -352791 7080432
-2722040418076882486 1564982 -1263558 7080400
-5029713047043512649 405479 692382 7080112
-9084391149322799821 -2884811 -1126802 7080080
3968601694610751320 -1509094 2437936 7079984
4832611673258555230 2376269 -1530706 7079712
-7139102204168365916 -2542769 -3296643 7079360
-7837274273118099242 -215024 233410 7079312
3797994785704648524 2563169 912336 7079264
-7536655185315381236 -848738 459330 7079152
1632704513359119247 2487051 -2329558 7079120
8115593281865181038 1008677 749057 7078816
-8242443795320030051 920379 2175532 7078752
-9111780830990660501 -76788 -1469979 7078672
865029761189718567 -537052 -2635310 7078656
-4236564435057210447 2478077 -120959 7078624
3171773667826718741 -431362 -1227122 7078208
2490249215499082696 -2415733 -2226767 7077888
-9041781471384842920 328295 -2045360 7077840
-5760106051498239854 -3610759 -1547926 7077696
2490252607721563850 460907 1330110 7077664
9095604446752605447 2759975 1558201 7077376
-7128763103414932878 -917874 -2779749 7077296
-8917805802744071499 2727411 -3090601 7077200
-3611768899413879764 -1835929 2113132 7077136
-7139102326341470770 2850899 -1389644 7077008
-4587473609047468104 -1817242 93015 7076944
1498944096531947976 -1036586 849967 7076768
2490250452008457191 -3421488 498717 7076704
5087323326073940050 -996828 -1502 7076432
-6810934360156085659 -2751279 -2959127 7076144
7712352404170230236 -31461 1440710 7076112
-755042860577061124 -2335204 -1097675 7076096
3930212430829640185 -1066047 -3208482 7076048
7614229023642218900 -2380295 780499 7075584
-5973441769833660280 705446 28097 7075552
-7139102053891334619 -2100991 -1331426 7075440
-985828569941973258 496838 -1455009 7075296
-985828757184396051 -781221 -1720001 7075232
-5224683603826590239 826402 -1744723 7075136
-5437445394346595866 -1405167 -2515221 7075008
-4927323370980860745 -3204563 2351477 7075008
6897496786854470869 -1996204 -353770 7074816
-1685889007953041155 -2390218 779313 7074768
-1131090339647981343 2449934 -3183786 7074720
3171773804550052501 -2637293 1970609 7074192
-3620024812424341679 2178477 -1609405 7074128
-6518872630125905133 86335 -2361740 7073728
-2803019363005607292 -926059 1757444 7073264
-5760106203846469621 -1844107 1222045 7072896
-6013094095686412881 428570 610699 7072864
-8917805965190383859 2031875 598791 7072576
-6175466935901284306 -3400489 -2983469 7072464
-3155259129560103974 -559522 677425 7072432
-5122564645377098301 -1606789 -2542794 7072416
288124932490116488 2479294 1140020 7070944
5076895864519655716 61809 386291 7070912
3984669976635611843 -1151284 1985621 7070400
2490250950968692251 1078266 -2578996 7070352
-8917805699772120712 2267458 977085 7070320
-1993538421055065505 -2379762 -3273966 7070208
7712352472048425683 1014419 -864448 7070080
8658895797008196843 -1017050 -492673 7070016
7799786112221484477 -2418260 -1613804 7069776
-8873426208138678619 992715 227198 7069728
6753822493692578477 -2872362 942185 7069648
5054073332629732556 2448914 -1984323 7069408
3797994999044710448 -1511058 1877056 7069376
7791152761639240088 -2151319 1117054 7069360
-4222568640682783410 874476 -3235143 7069120
-1993538577680093529 179701 -1983427 7069008
-6810934633885191215 -2395203 -2561829 7068896
6897496939558094261 816750 -3157150 7068544
5205595700459933965 2201363 -1778068 7068096
4249772101710851118 -1888833 1644651 7068064
6753822144040506611 2497256 -3409171 7068032
5279286074450869068 -1679232 -1548513 7068032
-1667287305677015610 -2364227 89510 7067856
288124960513941713 884715 -111699 7067856
1673735817869720985 471417 -2285382 7067808
-831056740432158868 2117781 -1470846 7067760
643392133617280353 2989570 279834 7067680
-5760105715535221129 138684 -760840 7067424
4780410783222222159 1051085 -1230451 7067328
1673735633153532807 2461039 618349 7067296
-8917805845900608080 2150410 -245676 7066816
7614229030917233000 1713909 -2875649 7066784
5205595506159324751 1026966 1088648 7066768
2490251278394829193 555182 955428 7066736
-2658012296600096221 2319271 264745 7066672
-1086617164053098556 -1832910 -2492012 7066080
8895012888653901188 -2844223 949180 7065920
-1667287385738361324 -1189049 1246882 7065840
3797994311848413912 -335596 -2874872 7065840
1037704879926456264 -960818 1568950 7065760
1743391197391770999 -930771 -2643119 7065648
-6175466798866178619 -2217418 1809345 7065520
389970175627249771 -3345364 -156354 7065424
-3611768908178654419 1942556 -1975420 7065296
-4927323392357989518 722049 -52077 7065264
-8215186192216230401 344847 -3141968 7065216
3797994390738257571 1987640 623410 7065120
-1636401335274488418 44810 743226 7065024
-2949389224484488285 1880061 189793 7064656
4780411096161194223 -614403 -200449 7064512
-2658012379501553378 1663429 -542380 7064160
8391333389856414542 -3019656 -333836 7063936
8895013233546794319 -3135489 -2230041 7063936
5054073306315668374 1129411 -1843693 7063856
6897496763421799811 266716 -254282 7063584
9137840425450725020 -60948 -2299273 7063504
5526126506473631027 -1304414 1728346 7063488
-9084391646385763054 -2864120 -3164236 7063456
-4587473788450924866 -1680460 -1162716 7063424
-3155259297941759407 2435056 -793218 7063248
5087323311754693651 418110 -1118873 7063072
-2899010413114918306 -725458 -703955 7062800
-5539732638671575555 -2595978 -3267448 7062656
-6619901625457169250 1190133 -1649724 7062624
2490249041742439152 1771084 1100026 7062528
2672421899817064152 2127077 -1884652 7062512
3797994713876560818 1714805 -2570107 7062400
4249771717564212033 -2309337 -1553112 7062208
-8668340830003005591 1004518 -1887203 7062032
8416998217383215202 -2412142 -2867059 7062032
2490250815284597193 -1272872 -2616504 7061920
9095605255453955492 293659 -2623866 7061840
-8660869937303093214 -536370 -1287660 7061760
-6175467648086082561 -370868 91198 7061520
2490251364650655361 1093437 -2420428 7061520
6753822126001010190 -3211127 -416154 7061504
-2569417962208204711 1255889 -857807 7061408
-5539732804101845563 -2927758 -738196 7061392
-5224683979350010733 1664454 -2583105 7061328
6753822321308745528 798773 -1050841 7061008
-7094968492149158375 -235394 -2354656 7060960
3797994524004064236 -1215050 -1322659 7060832
1838992915923680003 2786601 -280759 7060400
5553415843826564381 1911587 -2099773 7060192
-7094969054854658744 1802932 1819316 7060128
-8805987171196531535 61874 -3145515 7060112
1498944290686106268 -954789 -1497382 7060064
-831056825479357017 2284276 -1340296 7059952
1673735704797817042 -1746937 -1644596 7059696
-2356061362049444946 -2603463 -1896276 7059392
4395536068237685609 -2340867 -2268822 7059344
-6518872550721194972 2709505 412237 7059280
6753822261333122850 2266049 -1291933 7059216
5408805028732311225 2671688 -2580445 7059184
-1086617041358118855 1272865 -712567 7059120
-9041781678544589909 -1234831 1768181 7059056
-7230185900238393346 -3071430 -106273 7058736
-8660869796039628269 315691 -1670997 7058416
-2803019525405502586 -2627210 516135 7058368
1632704620876620439 2205881 -2170946 7058240
-2658011981393584688 1442387 -3351034 7058144
9064573257538592600 459170 2051333 7058144
-2899010321470872346 -2810248 -3069712 7058048
3897886948813781266 1385558 -1899059 7057664
5534934562724555180 473864 1550634 7057616
6070143855413926814 -527018 774119 7057440
-4864342430811456773 120558 1382664 7057344
-8826098161413361029 1968103 1346083 7057216
-3155259200141552287 -1610800 1717426 7057040
-6810934631401440174 -1689177 -1458830 7056976
-8805987068024753927 -2056901 1916423 7056800
-7139101869246207652 -2967357 -171290 7056800
-7536655155636946653 -2997970 -808450 7056800
-8633801456074808512 -1508183 -1525954 7056496
7419208610347426264 1357574 -747117 7056480
7235378492509758582 -2867399 -2978511 7056272
288124850687912986 -865922 -2598491 7056240
4832611930040082452 -3090415 -496024 7056192
-3155258584812198155 -2711181 -1150498 7056144
-755042210793705261 -2869917 960765 7056080
5076896263686061327 -2618603 740221 7055664
2497739892050975118 -3606420 764597 7055648
-4927323505040310060 2047949 1049394 7055504
-8633800758572640475 -2725281 -1993687 7055504
210842976380345487 -2143966 -1114635 7055488
599094374010710037 -2893923 -1736443 7055200
-5624399031147232320 -1820583 -748051 7055056
-2899010123338511560 -609091 795097 7054976
5649830988571355136 -887641 498914 7054704
-9084391524698939757 1722688 -1029637 7054400
9137840687213501512 -1454151 -3099643 7054336
-4236564159278791098 -3485767 -2496223 7054000
-3611769609944630717 -2558653 -968554 7053984
5054073347623376080 -131692 2154066 7053824
2479032802470790110 2212705 -976064 7053824
2490251165886207223 -2425588 2275001 7053776
-2899010337961230034 520380 -462731 7053616
1627074674895705735 2328127 1067044 7053520
3570974890276930683 37680 -389618 7053408
-6619902087436990103 -373027 -2047295 7053360
8391333416518323367 -1707611 207626 7053184
5411005449742686082 -1489797 -2278575 7053136
6753822508074178472 -342252 -613125 7053040
4717707279807704489 -846205 -2737959 7052944
-5400414025844136828 -983895 -2997188 7052480
4717707177713295102 -963038 1086786 7052320
288124979950733158 -2878720 -1330778 7052288
-612872859099081772 -1570176 1140732 7052080
1498944191026935627 646826 -2212945 7051712
-8660870378953144367 2643313 1664184 7051440
2672422237761225902 -1687455 2274029 7050976
5953618981010660772 583631 572568 7050928
-7536654753225907631 1021981 -1793270 7050624
7712352449686971261 -2434663 -132585 7050416
4594647083273431926 1123496 -1409857 7050288
4425237112793868490 -865285 179904 7050176
-6175467278103613860 1637640 -1571386 7049344
-7094968680249621180 141117 -1585443 7049312
-5286729732473957617 2861991 585304 7049232
-9111780658773774103 2195162 -2749328 7049168
-9041781222203736021 2686648 -1678721 7048720
-1667287517282605613 -2172204 2189027 7048656
-4236564235118186521 -726249 -2965976 7048560
7791152747451280579 1989683 1576105 7048368
4717707198305351023 1824055 587854 7048336
-5973440803671417290 147979 -234224 7048336
3801160059874861447 -2134679 637613 7048112
2490250477900292603 -1506797 -2318103 7048096
7614229112381845077 1568599 934236 7048080
-6013094153189895332 -518568 1642053 7048016
-788037782881882188 542341 -3453796 7047872
8391333175805441701 -135896 -1437360 7047728
-143254073688791416 2337591 -2040711 7047712
5553415754991627009 2661792 -2395578 7047616
2621438380820002881 -2321975 662905 7047248
-7357187973035227408 -1892030 -84420 7047216
-6619901911529262184 -324193 1111475 7047200
692293978142849428 -1486472 -615340 7047136
-1086617399513719852 -1856174 -658974 7047136
-1636401295643627112 -1915410 -2232570 7046992
-4927323517496153636 -2880698 -2853846 7046864
1400501946638103954 -2693211 -287604 7046720
-650910767517202910 1551068 -2276658 7046560
3984670098194542224 2202301 -3091430 7046432
2672421818657330899 -3082568 -2139112 7046416
9064573264576930722 -2584 2204556 7046272
-6175467481827039674 -483377 1438898 7046224
2490252526859890812 -2036758 -1119144 7046224
-6175467262682750290 -1849887 -928179 7046160
-8660870136054246638 -2823992 -2234751 7046000
-9111780665105466260 2842304 1577152 7045888
-5973440761030609965 1033067 -904075 7045888
7712352566327365911 -428714 -836421 7045600
-1131090204463799493 1336390 -2477687 7045568
7419208477577236279 -368054 1587530 7044608
4551090309496081721 -2332392 -2375951 7044576
4425237506635815580 -3395164 77870 7044512
5473095875160740489 2002666 -2564365 7044384
5076896244893289501 2818675 -2180508 7044304
-4236564130627156391 3098872 -1630630 7044272
-4236564153038184314 2320221 -1122237 7044256
-8917806066880217216 1702552 151824 7044032
-1672442721148858296 -760077 -286927 7044000
370657865557565362 -1446573 -146122 7043872
4594647367059916799 134178 469056 7043856
4425237093795032096 1457054 -478510 7043840
8895013155985566605 -3110601 -3231653 7043696
-8387809615042025432 2001006 -952091 7043648
6753822331044524458 273121 1082594 7043280
7614229056142539147 676855 473524 7043184
2490251875512075395 2076896 -773827 7043168
-1013529153665222150 -665021 -1442188 7043136
-4222568651170218764 1943244 1002393 7043104
-650910536772134801 600526 -82093 7042272
-7381553446903583321 1896362 -40273 7042208
9137839905395664246 -1024285 419352 7042176
-9084391718178487627 -1914953 1338371 7042112
7419208713675794022 2830213 1308100 7042096
5087323077374605451 2083015 -1747289 7041904
2497739707801767796 -3215742 -2187374 7041552
3683370897804780735 -1662387 -2405557 7041456
1632704845331227853 -438392 -733007 7041280
210843198653615093 -2527300 -2726348 7041088
2621438893683849705 -1130435 -2897231 7041072
-7097784940540031535 1171287 48996 7041056
-5400413745767638366 420379 -1024514 7040992
1498944053042594439 -3034654 896347 7040848
-9111780830059243868 -1948400 29163 7040848
3570974744144775450 867359 -1136603 7040800
8895012968404381486 1089182 -2618442 7040416
3405764758643909697 -572486 1353129 7040000
5279286476488416527 1657308 -2242015 7039856
-8633801437946692821 505832 -161762 7039408
1400501865208076914 -280162 605530 7039328
8481510432480127682 -3192519 -558343 7039072
8658895869431236870 920316 -2946410 7038928
8038540926334100291 2701412 1181876 7038672
7419208630347042693 2427763 1903680 7038640
-1993538430212573269 178920 1115555 7038224
8038540862995846354 -1455397 -1511728 7038208
-4236564449709782402 427203 -78039 7038064
599094365753169796 877052 680680 7037520
-1086617396614028233 200710 -2787179 7037408
-1993538424335598541 1948677 -2344605 7037344
7791152810049390206 875234 -588503 7037120
-6764673171630041740 -3508982 -1926591 7037024
4425237328777388927 3137133 -3045672 7036784
-6175466755757028678 873439 -1098336 7036720
8038541094973891206 -2294789 187260 7036672
-2510611134615795736 -1269403 990883 7036544
7791153154254487118 -3193186 596421 7036384
2545419576147035131 -1577997 -590272 7036144
4425237513945821612 -1773854 1719013 7035904
-4236564480414179478 759367 -2155307 7035792
7393325116648844782 -3343231 -794826 7035760
2490251059360212930 -1232962 -1322277 7035760
-8917806010368944663 2482429 1174544 7035680
-4587473855264514540 -3609145 -2356112 7035424
9095604777662838110 2056833 -3049176 7035056
-8633801152645124199 835462 1733675 7035024
3570974850979417489 1002858 -2527647 7034832
3405764535745040438 469731 721943 7034832
-8660869912096048693 770934 2592707 7034832
8658895624748800638 2713924 -1466088 7034816
-1667287696071901777 -2007496 -1554422 7034672
7464779894264201000 2732669 -3314413 7034192
4372474016497732680 -311727 -2155616 7034128
1498944139504847455 -2468451 -2921735 7034016
8115592775808129834 -2768916 -1479873 7033920
-5973441901232587018 -1526525 129698 7033600
8391333629708622047 -382312 -332637 7033344
-612872804015026444 1878198 -3001480 7033312
210843064781010475 2664292 -781586 7032736
8658895588470218947 -504477 1382262 7032672
-831057072039401579 -390004 -3383797 7032624
-985828805697673444 1034549 -400417 7032256
2490252029076027950 451849 1118333 7031936
-7128763287016089504 -832827 -559033 7031568
-8215186191528275962 959385 -1947312 7031440
4832611646040744909 2169229 -2063690 7031104
-7094969000836602456 -2696895 -722318 7031088
-8660869956619345862 -1861635 -287648 7030992
-9041781681524100250 252806 -2979394 7030992
-6810934506444275968 -2315632 -2736849 7030896
8391333494438055012 -1860407 -83445 7030848
-831057124760534478 -989509 -172930 7030816
-4236564427754861534 2944059 -1985764 7030768
3797994705681732169 2233124 -2200515 7030624
-8826098041793745276 -2429851 -2910387 7030592
1632704785077056236 697232 -3413646 7030352
-5624399402551930419 -1319637 539724 7029472
3797994397423460712 -1734592 1894722 7029408
-7673451951277270938 -1083300 457657 7029376
-4236564025354084373 -1740728 1466692 7029200
7712352466099073572 -131563 -597138 7029136
-8633801401765623615 -2875339 -2899262 7028928
-7230185854340835070 459923 -183662 7028624
6336281486987937457 -3275094 2198094 7028512
1743390961219971926 -2719210 -2521829 7028384
8549896374844354393 -552093 -1102740 7028336
8549896406106612350 2324455 -683705 7028144
7419208264266351565 -67692 -2415853 7027776
-4864342647205441783 -1016686 874044 7027728
-5934715416182119646 -2003047 -1066111 7027520
2672422036281061421 2565799 562210 7027488
-5437445285201018948 -404053 398664 7027312
-6175466803899837342 -1837744 1711990 7027104
370657838928856192 805589 -682904 7026928
-2658011897901726266 717731 -1289279 7026816
-1685888835920370851 1591497 -3519489 7026592
-2722040550914898803 -3061168 1536866 7026320
-7139102485290156355 -1400886 318551 7026304
-5624399215069503876 2038181 -1299434 7026272
-8873426307972257040 2155664 -3408002 7026144
-5437445233542745811 -1058163 93924 7026048
-2420651297618246230 2091366 -999923 7025744
-3611769128578718222 -73751 -1449264 7025728
-8826098010367616240 2049324 -2567498 7025248
-5286729605377525842 -3070209 904996 7024992
6163916277751341833 1062564 -2349653 7024720
3984669924014519546 -2538004 -1755512 7024656
-7128763151441440263 307941 -2263535 7024432
5087323041499674195 446903 1411822 7024400
3171773878137593251 413677 1458673 7023696
-788037524299015399 2422068 -2136807 7023696
-9111780882264004512 -1712748 -3049030 7023696
-7230185782113508129 2840934 -2456876 7023696
2490251920377412265 -751726 1499907 7023696
-9084391465701085426 -2146734 -854411 7023680
-9185160264491634647 671047 1311605 7023456
7419208599569236713 -555050 -2997755 7022928
5473096198605979726 1333430 -1019383 7022688
2621438799651413222 -1172497 -1759610 7022304
2490250829798313677 1821638 862200 7022080
1743391032483648359 -949455 -937846 7022032
1400501920200952399 -3179245 -2202034 7021952
6070143794136219822 -2470349 -2088270 7021776
-2569417914382108006 679063 -2958276 7021552
-3155258942041813952 734330 -210129 7021376
-650910576502263218 2409900 -449553 7021168
-9041782197640120068 -1867752 -342952 7020944
3405764602248735568 -390746 600777 7020928
3930212743459374771 821829 -476278 7020336
-5437445178921719658 -1361637 -2342957 7020112
-612872849829963313 1808321 95368 7020112
1498944182673236305 2466063 -2690839 7019856
7419208517838020718 -2841998 433990 7019376
4594647392369588648 -2838944 299372 7018816
-1086617274703496703 2532143 -927992 7018704
3171773692505956805 -1302032 1589227 7018128
3897886722611475791 -631421 1176235 7018112
8115592487843263179 558870 1117877 7017712
-5224683917939638466 782536 -17087 7017568
5553415748333180240 1371952 1731796 7017392
4395536133964875611 2038281 1493102 7017344
4594647296038541032 -2751106 -583556 7017280
-7536654611327176001 194283 -2254548 7016992
692293457377315110 -1427557 -3100072 7016976
8699943717982417119 12544 -795827 7016816
8115593422276168928 280766 -872653 7016688
5279286314145926989 2582559 -1772802 7016528
-6901860653819501191 655982 272155 7016336
-3155259264048303804 -505674 -2804477 7016240
-3155258925996479329 -2076970 -728973 7016064
-7139102015082293863 -1010631 1024002 7015968
1037704862687329437 -1691434 177522 7015840
2490249075534378996 3080332 -1260471 7015616
3243949043165998444 1093011 -2310909 7015360
-7837274008939537272 -2862663 -2406923 7015280
-612872800209645055 -1160033 -1789018 7015136
5953619035334662567 292943 -460022 7015120
210843135303552609 2243664 -1362726 7015024
7614229131113925941 -3373388 661454 7014992
7393325202119182622 -2877818 454939 7014880
8115592722235007182 -248293 -2798764 7014880
6897496584632444857 1204495 489127 7014800
2497739777485794780 1579580 1702840 7014784
-4737701542387278852 -1164023 241617 7014672
-8917805806054824008 281051 114359 7014448
-4148166952493591516 -1735079 1413786 7014400
8038541268268852316 -429990 -1768597 7014400
-618600883282913568 -1877577 -1336521 7014368
-9084391267813094530 1022309 851173 7014288
-7837274508439923632 -3318580 -2824416 7014272
-8387809817669378897 -275791 -1089824 7014176
-8805987119203683606 -325426 1489985 7014176
8115593104235056770 -1045787 -1446732 7014080
-8633800786677526811 -1686010 577365 7014032
-3175357472798696384 1553302 882249 7013984
7464779705198551797 2023233 -1747785 7013968
2490252494114248134 -2334663 -3034484 7013888
8115593118282846277 -221240 46404 7013856
-7357188141779436906 2491972 -2460837 7013664
-5760105984624160202 3138501 270938 7013616
-7536654671079224055 885984 -2214912 7013328
-9111780860790201203 -33982 -2140082 7013040
6753822023233976302 -2634666 -1399608 7012784
-4927323557084937103 2273682 -3333542 7012528
-5552025167612604987 -3090603 1918680 7012512
-6998358045853478394 -2795784 1319502 7012480
-8873426382899353151 -1925599 -385664 7012064
-8508003733351714181 -2236720 217900 7012000
2672422045332938889 1181663 884018 7011920
2490252826821610652 -2651475 1940645 7011664
-8917805507995520871 1004855 -3244385 7011456
8391333427765266801 -632373 -2763293 7011344
8410114582033130278 1026074 -2752041 7011296
1673735814453941262 -3094098 -2206169 7011200
3797994321472425467 -3321227 1861930 7011088
1365210502343413932 2164127 563351 7010752
-6810934404908747819 -3102959 2049642 7010720
5205645330160186040 1298616 -2341318 7010672
-5760105974147592594 2008980 905925 7010656
1838992990301792874 663764 297277 7010224
4832611536660296248 2504477 -2967590 7010080
7222897339439979198 -30964 -3489136 7010048
930397727342480749 618301 643886 7009856
7235378547076096539 1513926 -2761571 7009360
2672422445010506956 1033080 -1178400 7009248
-3155258844099001665 2134551 -1865586 7008816
7419208357851209446 -3392009 -821182 7008528
7419208526798952809 -570558 -2253415 7008064
6897496665717466573 1031044 -463512 7007840
-6810934237823769544 524971 -2679033 7007360
4594647065127022491 -1560042 -512063 7007344
-4927323601148101831 -831282 -1031065 7007328
-5437445339237701625 -2877257 1567898 7007232
7712352525651068292 -2427940 961071 7007152
-1667287437420381577 -2857222 -766775 7007088
4594646955088626562 1196750 -250554 7006816
8115592535615776926 964063 675969 7006640
-6013094133297908920 -2831835 -1525350 7006464
-3155259209668224855 -1702922 -3200060 7006016
5509172199644744703 2106966 1116485 7005968
2672421942873523450 -2787219 2519621 7005952
-1636401039453979483 119746 1052232 7005808
5526126416816989460 2031524 -268508 7005696
3797994980070717233 1737399 -3378287 7005600
-2356061295194368142 -1762088 -2865458 7005440
9137840558204357857 -2289332 1951819 7005168
5103654648649638921 -832416 -1781863 7005120
6753822206577096258 -3389849 -1218644 7005056
599094460052770375 -121481 1008012 7004944
-9041782027513081303 -2445331 2414329 7004928
7614229103452427992 -575014 -878289 7004896
9137839893109751199 1854923 -1728423 7004656
-2516074961038527161 -1216358 -2587296 7004432
2490249537646162828 653376 -1889752 7004432
-5029713050816790213 -2937768 2371920 7004112
3897887075689619053 -754214 -468849 7003856
-9041781273015533570 1986478 -532567 7003712
865029344644723664 2380763 1369169 7003632
-7139102102100127218 -760295 -2236642 7003520
-5539733127646122479 1399422 377152 7003472
-8805987143038769827 -1481585 -1145539 7002960
-831057386390739419 -2373962 -1370633 7002960
-4587473854222477904 575352 2027174 7002736
-1672442124381918953 -3269521 -1610396 7002656
2490252789629821273 -154609 1060569 7002640
3171773717671706855 434237 -3102074 7002560
-5973441680421264459 1938341 -2748917 7002384
6070143552061721247 -2101176 -1166492 7002352
-9084392002389834624 -2755556 -3164338 7002352
4425236956319534572 198298 -610202 7001568
-612873054231136397 -2031394 -238460 7001424
6070143960995921373 -1107583 -941959 7001248
-2899010171863420103 -2755951 1302650 7001136
-650910883896356470 -820855 -3229594 7000800
-5286729804882308793 -1059565 -1769134 7000656
-9111780464575700480 -715150 -1252536 7000640
-8633801375661731649 -1181873 2260547 7000416
-4864342790924998162 2783926 1743831 7000320
-1672442253420348402 1040558 -1642582 7000000
